1 0.486010 0.567453 0.006158 0.003469 
1 0.533208 0.566539 0.007248 0.003703 
1 0.609455 0.096625 0.056970 0.026969 
1 0.371970 0.573203 0.015703 0.006844 
1 0.505366 0.566750 0.017822 0.006656 
1 0.424228 0.570750 0.018238 0.005094 
1 0.470881 0.557727 0.017604 0.004453 
1 0.338634 0.576492 0.026891 0.007016 
1 0.430010 0.562734 0.013802 0.004844 
1 0.448149 0.561609 0.018634 0.005281 
1 0.522277 0.101680 0.060634 0.019797 
1 0.459743 0.125508 0.062931 0.018828 
1 0.407564 0.122930 0.063129 0.019266 
1 0.298020 0.346094 0.223762 0.460938 
1 0.298020 0.346094 0.223762 0.460938 
1 0.298020 0.346094 0.223762 0.460938 
