   310/499     16.2G     0.365         0     0.162   0.00281      0.53        41       416      0.245      0.849      0.644      0.378      0.994      0.411       14.1
   311/499     16.2G      0.36         0     0.159   0.00182     0.521        38       416      0.244      0.847      0.645      0.376      0.994       0.41       14.4
   312/399     7.79G     0.358         0     0.157   0.00163     0.517        42       416      0.248      0.851       0.65      0.381      0.991       0.41       14.6
   313/399     16.3G     0.349         0     0.156   0.00141     0.506        42       416      0.249      0.851      0.644      0.383       0.99       0.41         15
   314/399     16.3G     0.343         0     0.153   0.00133     0.497        40       416       0.25      0.851      0.648      0.384      0.988      0.409       15.2
   315/399     16.3G     0.345         0     0.151   0.00182     0.498        37       416      0.251      0.844       0.64      0.385      0.988      0.411       14.8
   316/399     16.3G     0.342         0     0.149   0.00132     0.493        42       416      0.252      0.851      0.649      0.387      0.987      0.411       14.2
   317/399     16.3G     0.341         0     0.146   0.00154     0.488        50       416      0.255      0.853       0.65       0.39      0.986      0.411       14.1
   318/399     16.3G     0.336         0     0.144   0.00159     0.482        41       416      0.256      0.851       0.65      0.391      0.988      0.411       13.9
   319/399     16.3G     0.324         0     0.142   0.00155     0.468        45       416      0.255      0.851       0.65       0.39      0.987      0.412       13.9
   320/399     16.3G     0.329         0     0.142   0.00146     0.472        60       416      0.255      0.851      0.649       0.39      0.987       0.41       14.2
   321/399     16.3G     0.323         0     0.141   0.00144     0.466        49       416      0.257      0.851      0.653      0.392      0.987      0.411       14.1
   322/399     16.3G     0.322         0     0.142   0.00142     0.466        41       416      0.254      0.851      0.652      0.389      0.985      0.411         14
   323/399     16.3G     0.316         0     0.141   0.00121     0.458        38       416      0.256      0.851       0.65      0.391      0.986       0.41       14.1
   324/399     16.3G     0.329         0     0.141   0.00191     0.471        56       416      0.258      0.851      0.651      0.393      0.986      0.412       14.7
   325/399     16.3G     0.322         0     0.141   0.00202     0.465        35       416      0.257      0.851      0.654      0.393      0.986      0.411       14.5
   326/399     16.3G     0.322         0     0.142   0.00238     0.466        39       416      0.254      0.851      0.651      0.389      0.986       0.41       14.3
   327/399     16.3G     0.323         0      0.14   0.00157     0.465        45       416      0.256      0.851      0.655      0.391      0.984       0.41       14.3
   328/399     16.3G     0.324         0     0.142   0.00188     0.467        44       416      0.257      0.851       0.65      0.393      0.986      0.411       14.6
   329/399     16.3G     0.324         0     0.141   0.00136     0.466        47       416      0.257      0.851      0.653      0.392      0.986       0.41       14.7
   330/399     16.3G     0.325         0     0.141   0.00206     0.468        46       416      0.257      0.851      0.653      0.392      0.984      0.411       14.6
   331/399     16.3G      0.32         0     0.141   0.00123     0.462        51       416      0.255      0.851      0.651       0.39      0.985      0.411       14.5
   332/399     16.3G     0.314         0     0.141   0.00182     0.457        33       416      0.257      0.851      0.649      0.392      0.985      0.411       14.6
   333/399     16.3G     0.319         0     0.139   0.00142      0.46        55       416      0.257      0.849      0.657      0.392      0.985      0.411       14.8
   334/399     16.3G     0.317         0      0.14   0.00147     0.459        39       416      0.255      0.851      0.654      0.389      0.985      0.411       14.4
   335/399     16.3G     0.322         0      0.14   0.00173     0.464        46       416      0.258      0.851      0.655      0.393      0.987      0.412       14.3
   336/399     16.3G      0.32         0     0.139   0.00122     0.461        43       416      0.255      0.851      0.651       0.39      0.985      0.411       14.4
   337/399     16.3G     0.321         0     0.139    0.0013     0.462        39       416      0.256      0.851      0.654      0.391      0.985      0.411       14.4
   338/399     16.3G     0.317         0      0.14   0.00164     0.459        43       416      0.256      0.851      0.654      0.391      0.986      0.411       14.4
   339/399     16.3G     0.322         0      0.14   0.00158     0.463        48       416      0.257      0.849      0.652      0.392      0.984      0.411       14.6
   340/399     16.3G     0.321         0     0.139   0.00147     0.461        57       416      0.257      0.851      0.651      0.392      0.984      0.411       14.7
   341/399     16.3G     0.318         0      0.14   0.00141      0.46        35       416      0.256      0.851      0.653      0.391      0.985      0.411       14.1
   342/399     16.3G     0.316         0     0.138   0.00126     0.456        55       416      0.258      0.849      0.654      0.393      0.985       0.41       14.5
   343/399     16.3G     0.321         0     0.139   0.00128     0.461        44       416      0.253      0.851      0.654      0.388      0.986       0.41       14.1
   344/399     16.3G     0.317         0     0.138    0.0016     0.457        42       416      0.258      0.851      0.649      0.393      0.985      0.411       14.6
   345/399     16.3G     0.316         0     0.138   0.00139     0.455        44       416      0.256      0.851      0.653      0.391      0.985      0.412       14.1
   346/399     16.3G     0.313         0     0.138   0.00126     0.452        33       416      0.258      0.851       0.65      0.394      0.984      0.411       14.5
   347/399     16.3G     0.311         0     0.137   0.00135     0.449        52       416      0.256      0.851      0.651      0.391      0.985      0.411       14.4
   348/399     16.3G     0.315         0     0.139   0.00115     0.455        49       416      0.259      0.851       0.65      0.395      0.984      0.412       14.2
   349/399     16.3G     0.313         0     0.138   0.00142     0.452        52       416      0.256      0.851      0.655      0.392      0.986      0.411       14.1
   350/399     16.3G     0.313         0     0.137   0.00126     0.451        45       416      0.257      0.851      0.653      0.392      0.985      0.411       14.3
   351/399     16.3G     0.317         0     0.137    0.0015     0.456        43       416       0.26      0.851       0.66      0.395      0.984      0.412       14.3
   352/399     16.3G     0.316         0     0.137   0.00138     0.454        46       416      0.259      0.851      0.654      0.395      0.984      0.411       14.2
   353/399     16.3G     0.317         0     0.137   0.00119     0.455        46       416      0.258      0.851      0.653      0.393      0.985      0.412       14.4
   354/399     16.3G      0.31         0     0.136   0.00152     0.448        47       416      0.259      0.851      0.651      0.395      0.984      0.411       14.5
   355/399     16.3G     0.316         0     0.136   0.00233     0.455        41       416      0.257      0.851      0.653      0.392      0.984      0.411       14.2
   356/399     16.3G     0.323         0     0.137   0.00148     0.462        42       416      0.257      0.848      0.652      0.392      0.983      0.411       14.2
   357/399     16.3G     0.311         0     0.136   0.00134     0.448        38       416      0.258      0.848      0.659      0.393      0.984      0.411       14.3
   358/399     16.3G     0.309         0     0.136   0.00165     0.446        37       416      0.257      0.848      0.655      0.393      0.985      0.411       14.1
   359/399     16.3G     0.314         0     0.137   0.00136     0.452        49       416      0.257      0.851      0.651      0.392      0.984      0.412       14.4
   360/399     16.3G     0.313         0     0.136    0.0014      0.45        44       416      0.257      0.851      0.655      0.393      0.985      0.412       14.4
   361/399     16.3G     0.313         0     0.136   0.00162     0.451        46       416      0.256      0.851      0.656      0.392      0.984      0.412       14.5
   362/399     16.3G     0.302         0     0.136   0.00112     0.439        43       416      0.258      0.851      0.651      0.393      0.984      0.413       14.1
   363/399     16.3G     0.315         0     0.135   0.00142     0.451        35       416      0.255      0.851      0.649      0.389      0.985      0.412       14.3
   364/399     16.3G     0.314         0     0.135   0.00128      0.45        43       416       0.26      0.851      0.652      0.396      0.983      0.412       14.5
   365/399     16.3G     0.312         0     0.136   0.00135     0.449        54       416      0.257      0.851      0.653      0.392      0.984      0.411       14.3
   366/399     16.3G     0.315         0     0.136   0.00161     0.453        37       416      0.256      0.848      0.655      0.391      0.984       0.41       14.1
   367/399     16.3G      0.31         0     0.136   0.00151     0.448        38       416      0.259      0.851      0.657      0.394      0.984      0.412       14.5
   368/399     16.3G     0.312         0     0.136   0.00205      0.45        53       416      0.261      0.849      0.656      0.396      0.982      0.413       14.8
   369/399     16.3G     0.313         0     0.135   0.00117      0.45        39       416      0.255      0.851      0.654       0.39      0.985      0.411       14.4
   370/399     16.3G     0.315         0     0.135   0.00125     0.452        47       416      0.257      0.851      0.656      0.393      0.985      0.412       14.3
   371/399     16.3G     0.311         0     0.136    0.0033     0.449        53       416      0.258      0.851      0.652      0.394      0.984      0.412       14.6
   372/399     16.3G     0.314         0     0.136   0.00118     0.451        42       416      0.257      0.851      0.653      0.392      0.985      0.411       14.6
   373/399     16.3G     0.309         0     0.137   0.00143     0.447        47       416      0.258      0.851      0.653      0.393      0.985      0.412       14.3
   374/399     16.3G     0.309         0     0.136   0.00138     0.446        46       416      0.259      0.851      0.649      0.394      0.985      0.411       14.5
   375/399     16.3G     0.315         0     0.135   0.00158     0.451        41       416      0.257      0.851      0.655      0.393      0.984      0.411       14.4
   376/399     16.3G     0.312         0     0.135   0.00122     0.448        42       416      0.258      0.851      0.655      0.393      0.984      0.412       14.2
   377/399     16.3G     0.313         0     0.137    0.0012     0.451        40       416      0.259      0.851      0.659      0.395      0.983      0.412       14.3
   378/399     16.3G     0.311         0     0.136   0.00154     0.448        35       416      0.256      0.851      0.656      0.392      0.985      0.411       14.1
   379/399     16.3G     0.307         0     0.136   0.00172     0.444        42       416      0.259      0.851       0.65      0.395      0.984      0.411       14.3
   380/399     16.3G     0.307         0     0.135   0.00132     0.443        44       416      0.257      0.851      0.653      0.393      0.985      0.412       14.5
   381/399     16.3G      0.31         0     0.136   0.00128     0.447        40       416      0.256      0.851      0.655      0.391      0.984      0.411       14.4
   382/399     16.3G      0.31         0     0.135   0.00125     0.446        46       416      0.257      0.851      0.656      0.392      0.985      0.411         14
   383/399     16.3G     0.315         0     0.136   0.00118     0.451        51       416      0.256      0.851      0.656      0.392      0.984      0.411       14.1
   384/399     16.3G     0.315         0     0.136   0.00146     0.452        36       416      0.256      0.848      0.648      0.391      0.985      0.411       14.2
   385/399     16.3G     0.313         0     0.137   0.00127      0.45        44       416      0.259      0.851      0.654      0.394      0.984      0.411       14.3
   386/399     16.3G     0.312         0     0.136   0.00125     0.449        38       416      0.258      0.851      0.655      0.393      0.984      0.412       14.4
   387/399     16.3G     0.314         0     0.136   0.00161     0.451        47       416      0.257      0.851      0.657      0.393      0.984      0.412       14.3
   388/399     16.3G     0.311         0     0.136   0.00155     0.448        42       416      0.259      0.851      0.655      0.395      0.983      0.412       14.6
   389/399     16.3G     0.306         0     0.136   0.00136     0.443        42       416      0.259      0.851      0.657      0.395      0.984      0.412       14.2
   390/399     16.3G     0.309         0     0.135   0.00121     0.445        42       416      0.256      0.851      0.656      0.392      0.985      0.412       14.2
   391/399     16.3G     0.309         0     0.135   0.00256     0.447        44       416      0.257      0.851      0.656      0.392      0.985      0.411       14.2
   392/399     16.3G     0.307         0     0.135   0.00129     0.443        43       416      0.255      0.851      0.652       0.39      0.985      0.411       14.2
   393/399     16.3G     0.313         0     0.135   0.00121     0.449        38       416       0.26      0.851      0.656      0.396      0.984      0.412       14.5
   394/399     16.3G      0.31         0     0.136   0.00144     0.447        41       416      0.257      0.851      0.655      0.392      0.985      0.412       14.1
   395/399     16.3G     0.311         0     0.136   0.00137     0.449        43       416      0.257      0.851      0.655      0.393      0.985      0.412       14.3
   396/399     16.3G     0.312         0     0.136   0.00139     0.449        38       416      0.258      0.851      0.656      0.393      0.984      0.412       14.1
   397/399     16.3G     0.311         0     0.135   0.00138     0.447        59       416       0.26      0.851      0.655      0.396      0.984      0.412       14.5
   398/399     16.3G     0.307         0     0.135   0.00145     0.443        34       416      0.259      0.851      0.659      0.394      0.985      0.411         14
   399/399     16.3G     0.313         0     0.136   0.00155      0.45        42       416       0.26      0.851      0.658      0.395      0.983      0.411       14.2
