     0/399     1.35G      1.49         0      3.26      27.4      32.1        25       416          0          0          0          0       1.22       1.93       11.1
     1/399     7.49G      1.25         0      1.24      8.94      11.4        29       416      0.195      0.331       0.18      0.221       1.05       1.77       11.7
     2/399      7.8G      1.13         0      1.32      6.39      8.84        29       416       0.24       0.32      0.208      0.247       1.02       1.98         15
     3/399      7.8G      1.07         0      1.31      6.38      8.76        24       416      0.454      0.271      0.194      0.295      0.953       1.99       12.1
     4/399      7.8G      1.03         0      1.28      4.68      6.99        29       416      0.346      0.355      0.225      0.329      0.938       1.86       13.6
     5/399      7.8G     0.994         0      1.17      3.55      5.71        32       416      0.338      0.407      0.253      0.324      0.939       1.74       11.3
     6/399      7.8G     0.958         0      1.07      3.39      5.42        25       416       0.27      0.474        0.3      0.315       0.92       1.62       20.5
     7/399      7.8G     0.938         0     0.988      2.08         4        31       416      0.292      0.461      0.254      0.322      0.923       1.49       13.7
     8/399      7.8G      0.95         0     0.895      1.56       3.4        43       416      0.251      0.451      0.238      0.309      0.932       1.32       15.5
     9/399      7.8G     0.912         0     0.782      1.48      3.17        36       416       0.29      0.453      0.256      0.336       0.91        1.2       11.1
       0/9     1.35G      1.49         0      3.26      27.4      32.1        25       416          0          0          0          0       1.22       1.93       11.1
       1/9     7.49G      1.26         0      1.24      8.94      11.4        29       416      0.188      0.343      0.186      0.217       1.06       1.77       11.7
       2/9      7.8G      1.15         0      1.32      6.39      8.86        29       416      0.233       0.33      0.171      0.247       1.01       1.98         15
       3/9      7.8G      1.07         0      1.31      6.38      8.76        24       416      0.396      0.268      0.184      0.286      0.969       1.99       12.1
       4/9      7.8G      1.02         0      1.28      4.68      6.98        29       416      0.275      0.319      0.115      0.277      0.986       1.86       13.6
       5/9      7.8G     0.987         0      1.17      3.55      5.71        32       416      0.317      0.419      0.287      0.325      0.924       1.74       11.3
       6/9      7.8G     0.956         0      1.07      3.39      5.41        25       416      0.245      0.419       0.23      0.284      0.939       1.62       20.5
       7/9      7.8G      0.97         0     0.988      2.08      4.04        31       416      0.275      0.436       0.23      0.304      0.953       1.49       13.7
       8/9      7.8G     0.942         0     0.895      1.56       3.4        43       416       0.26       0.46      0.185      0.318      0.972       1.32       15.5
       9/9      7.8G     0.832         0     0.818      1.27      2.92        36       416      0.324      0.508      0.331      0.374      0.859       1.31       16.2
