       0/9      1.3G     0.201         0     0.706      4.54      5.45         1       416     0.0256    0.00376   0.000388    0.00656        nan       5.25        160
       1/9     3.23G     0.184         0     0.162      4.89      5.24         1       416    0.00983      0.032   0.000464     0.0145        nan       1.12       55.4
       2/9     3.23G     0.183         0     0.161      4.45      4.79         1       416    0.00595     0.0164   0.000184    0.00874      0.196      0.336       15.1
       3/9     3.23G     0.177         0     0.151      4.36      4.69         1       416     0.0085     0.0132   0.000235     0.0103       0.18      0.228       6.08
       4/9     3.23G     0.177         0     0.152      4.01      4.34         2       416    0.00851     0.0484    0.00162     0.0141      0.185      0.273       7.98
       5/9     3.23G     0.177         0     0.152      3.58      3.91         1       416    0.00723     0.0113   0.000252    0.00881      0.178      0.219       5.27
       6/9     3.23G     0.174         0     0.143      3.31      3.62         1       416    0.00671     0.0113   0.000529    0.00842      0.177       0.21       4.97
       7/9     3.23G     0.174         0     0.149      3.34      3.66         3       416    0.00962    0.00564   0.000509    0.00711      0.173      0.209       4.09
       8/9     3.23G     0.175         0     0.145      3.07      3.39         2       416          0          0          0          0      0.176       0.21       4.74
       9/9     3.23G      0.17         0     0.142      2.62      2.94         2       416      0.011     0.0113   0.000412     0.0111      0.175      0.217       4.34
