     0/299     1.02G       2.1         0      5.16      49.8        57        42       416          0          0          0          0       1.72       3.08       16.1
     1/299     10.2G      1.77         0      2.11      13.7      17.6        42       416      0.385      0.258      0.165      0.265       1.54       2.58       14.4
     2/299     11.1G      1.64         0      1.89      10.7      14.3        40       416     0.0911      0.205     0.0317      0.116       1.57       3.19       21.8
     3/299     11.1G      1.58         0      2.13      9.52      13.2        37       416      0.241      0.287      0.132      0.236       1.39       3.18       16.7
     4/299     11.1G       1.5         0      2.08      7.97      11.6        42       416      0.337       0.24      0.106      0.242       1.37       3.22         20
     5/299     11.1G      1.45         0      2.04      6.16      9.65        50       416      0.253       0.23     0.0946      0.218       1.43       3.11       14.7
     6/299     11.1G      1.45         0      1.92      5.97      9.34        41       416      0.242      0.344      0.121      0.254       1.37       2.92       24.5
     7/299     11.1G      1.48         0      1.79      3.96      7.24        45       416      0.246      0.437      0.219      0.285       1.36       2.79       16.7
     8/299     11.1G       1.4         0      1.71       3.5      6.61        60       416      0.226      0.453      0.193       0.27       1.37       2.65       18.1
     9/299     11.1G      1.39         0       1.6      3.59      6.58        49       416       0.19      0.368      0.131      0.228       1.41       2.47       20.4
    10/299     11.1G      1.43         0      1.46      2.92      5.81        41       416      0.235       0.35      0.131      0.269       1.41       2.24       23.2
    11/299     11.1G      1.36         0      1.31      2.59      5.26        38       416      0.199      0.388      0.146      0.245       1.37       2.05       18.2
    12/299     11.1G      1.39         0       1.2      2.08      4.67        56       416      0.194      0.377      0.161      0.246       1.38       1.93       21.7
    13/299     11.1G      1.39         0      1.15      1.03      3.57        35       416      0.191      0.463      0.206      0.261       1.39       1.85       19.4
    14/299     11.1G      1.36         0      1.12      1.05      3.53        39       416        0.2      0.496      0.226      0.276       1.38       1.76       20.7
    15/299     11.1G      1.39         0      1.07     0.885      3.34        45       416       0.18      0.439      0.145      0.249       1.46       1.68         20
    16/299     11.1G       1.4         0         1     0.718      3.12        44       416      0.192      0.473      0.157      0.265       1.36        1.6       17.5
    17/299     11.1G      1.33         0     0.968     0.782      3.08        47       416      0.166      0.383      0.115      0.228       1.44       1.52       23.2
    18/299     11.1G       1.3         0      0.92     0.655      2.87        46       416      0.187      0.468      0.175      0.265       1.37       1.46       20.1
    19/299     11.1G      1.38         0     0.878     0.564      2.82        51       416       0.19      0.505      0.213      0.275       1.38       1.41       20.3
    20/299     11.1G      1.35         0     0.855     0.645      2.85        33       416      0.183      0.472      0.161      0.262       1.49       1.37       20.8
    21/299     11.1G      1.34         0     0.814     0.459      2.61        55       416       0.21      0.466      0.173      0.288       1.44       1.32       17.4
    22/299     11.1G      1.41         0      0.79     0.309      2.51        39       416      0.251      0.539       0.29      0.342       1.27       1.28       18.3
    23/299     11.1G      1.38         0      0.77     0.471      2.63        46       416       0.21      0.517      0.204      0.298       1.46       1.24       19.2
    24/299     11.1G      1.29         0     0.733     0.441      2.46        43       416      0.234      0.561      0.285       0.33       1.34       1.19       18.2
    25/299     11.1G      1.35         0     0.703     0.309      2.37        39       416      0.231      0.562      0.248      0.325       1.35       1.15       18.8
    26/299     11.1G      1.33         0     0.689     0.366      2.38        43       416      0.178      0.499      0.191      0.261       1.46       1.11       19.2
    27/299     11.1G      1.32         0      0.66     0.382      2.36        48       416      0.156      0.445      0.131       0.23       1.49       1.07       20.2
    28/299     11.1G      1.35         0     0.632     0.197      2.18        57       416      0.191      0.544      0.198      0.281       1.37       1.04       18.4
    29/299     11.1G      1.36         0     0.615     0.234      2.21        35       416      0.228      0.575      0.246      0.325       1.34          1       18.5
    30/299     11.1G      1.33         0     0.592       0.2      2.13        55       416      0.224      0.602      0.258      0.325       1.36      0.975       18.8
    31/299     11.1G      1.28         0     0.578     0.221      2.08        44       416      0.244      0.629      0.356      0.351       1.25      0.946       19.2
    32/299     11.1G      1.38         0     0.558     0.215      2.16        42       416      0.227      0.626       0.31      0.333       1.35      0.924       19.8
    33/299     11.1G      1.35         0     0.542     0.248      2.14        44       416      0.217       0.63      0.293      0.322       1.39      0.899       17.5
    34/299     11.1G      1.31         0     0.526     0.156      1.99        33       416       0.16      0.528      0.157      0.245       1.68      0.876       19.9
    35/299     11.1G      1.39         0     0.512     0.156      2.05        52       416      0.201      0.642       0.26      0.306       1.41      0.857       19.4
    36/299     11.1G      1.35         0     0.504     0.138      1.99        49       416       0.22      0.655      0.335      0.329        1.3      0.837       18.6
    37/299     11.1G      1.34         0     0.489     0.174         2        52       416      0.225      0.679      0.345      0.337       1.33      0.816       20.1
    38/299     11.1G      1.34         0     0.475       0.2      2.02        45       416      0.221      0.658      0.296       0.33       1.31      0.796       18.3
    39/299     11.1G      1.28         0     0.464     0.256         2        43       416      0.209      0.676      0.305      0.317       1.39      0.784       16.8
    40/299     11.1G      1.36         0     0.454     0.296      2.11        46       416      0.201      0.672      0.308      0.309       1.41      0.768       19.9
    41/299     11.1G      1.34         0     0.444       0.2      1.98        46       416      0.187      0.637      0.296      0.288        1.4      0.754         19
    42/299     11.1G       1.3         0     0.434     0.173      1.91        47       416      0.231      0.707      0.335      0.348       1.33      0.737       20.1
    43/299     11.1G      1.33         0     0.424     0.235      1.99        41       416      0.176      0.665      0.277      0.278       1.46      0.725       18.5
    44/299     11.1G      1.36         0      0.42     0.154      1.94        42       416      0.171      0.626      0.266      0.268       1.47      0.712       19.1
    45/299     11.1G      1.35         0      0.41     0.148      1.91        38       416      0.202      0.666       0.31      0.309        1.4        0.7       18.8
    46/299     11.1G      1.34         0     0.403     0.205      1.94        37       416      0.187      0.681      0.286      0.293       1.35       0.69       18.8
    47/299     11.1G      1.29         0     0.397     0.138      1.83        49       416      0.169      0.653      0.267      0.269       1.39      0.682       18.2
    48/299     11.1G      1.33         0     0.387      0.11      1.83        44       416      0.191      0.703      0.302        0.3       1.36      0.672       18.8
    49/299     11.1G      1.32         0      0.38      0.15      1.85        46       416      0.196      0.697      0.289      0.306       1.41      0.663       18.8
    50/299     11.1G      1.35         0     0.378     0.129      1.86        43       416      0.191      0.691      0.349      0.299       1.36      0.653       19.3
    51/299     11.1G      1.35         0      0.37     0.141      1.86        35       416      0.183      0.689      0.329      0.289       1.38      0.644       19.8
    52/299     11.1G      1.34         0     0.366     0.103      1.81        43       416      0.215      0.712      0.358       0.33       1.31      0.636         19
    53/299     11.1G       1.3         0     0.363     0.145      1.81        54       416       0.19      0.708       0.37      0.299       1.33      0.629       17.9
    54/299     11.1G      1.36         0     0.354     0.206      1.92        37       416      0.173      0.659       0.29      0.274       1.41       0.62       21.1
    55/299     11.1G      1.34         0     0.351     0.184      1.87        38       416      0.186      0.705      0.341      0.295        1.4      0.614       18.7
    56/299     11.1G      1.34         0     0.344     0.174      1.86        53       416      0.186      0.715      0.335      0.295       1.38      0.607       17.4
    57/299     11.1G      1.41         0     0.341     0.169      1.92        39       416      0.148      0.636      0.264       0.24       1.54      0.601       16.8
    58/299     11.1G      1.26         0     0.338     0.172      1.77        47       416      0.185      0.709      0.351      0.293       1.38      0.596         21
    59/299     11.1G      1.32         0      0.33     0.215      1.87        53       416      0.168      0.663      0.265      0.268       1.58      0.589       16.9
    60/299     11.1G      1.35         0     0.328     0.128      1.81        42       416      0.192      0.742      0.361      0.305       1.34      0.584         16
    61/299     11.1G      1.37         0     0.327     0.145      1.84        47       416      0.183      0.722      0.323      0.292       1.34      0.578       18.2
    62/299     11.1G      1.32         0     0.323     0.119      1.76        46       416      0.165      0.699      0.287      0.267       1.47      0.573       19.6
    63/299     11.1G      1.36         0     0.317     0.145      1.82        41       416      0.185      0.715      0.346      0.294       1.37      0.568       16.1
    64/299     11.1G      1.32         0     0.316     0.185      1.82        42       416       0.19      0.744      0.388      0.303       1.29      0.565       18.9
    65/299     11.1G      1.28         0     0.314    0.0933      1.68        40       416      0.177      0.712      0.343      0.283       1.49      0.559       19.9
    66/299     11.1G      1.34         0     0.309     0.127      1.78        35       416      0.167      0.706      0.302       0.27       1.44      0.555       17.4
    67/299     11.1G      1.34         0     0.306     0.213      1.86        42       416      0.186      0.733      0.346      0.297       1.35       0.55         20
    68/299     11.1G      1.32         0     0.302     0.176       1.8        44       416      0.163      0.684      0.319      0.264       1.35      0.545       22.8
    69/299     11.1G      1.34         0       0.3     0.102      1.74        40       416      0.194      0.741       0.42      0.307       1.29      0.542       17.2
    70/299     11.1G      1.28         0     0.296     0.173      1.75        46       416      0.187      0.739        0.4      0.299       1.35      0.539       16.3
    71/299     11.1G      1.29         0     0.294    0.0912      1.68        51       416      0.149      0.682      0.262      0.244       1.49      0.534       19.3
    72/299     11.1G      1.34         0     0.293      0.15      1.79        36       416      0.176      0.715      0.355      0.283       1.37       0.53       17.5
    73/299     11.1G      1.29         0     0.291     0.136      1.72        44       416      0.184      0.747      0.365      0.295        1.4      0.529       18.5
    74/299     11.1G      1.35         0     0.287    0.0939      1.73        38       416      0.178      0.742      0.344      0.287       1.43      0.526       18.7
    75/299     11.1G      1.34         0     0.285     0.112      1.74        47       416      0.175      0.737      0.362      0.283       1.36      0.523       16.8
    76/299     11.1G      1.29         0     0.282      0.14      1.71        42       416      0.191      0.757       0.41      0.305       1.28       0.52       17.7
    77/299     11.1G       1.3         0     0.281     0.088      1.67        42       416      0.178      0.747      0.312      0.287        1.4      0.516       16.8
    78/299     11.1G       1.3         0     0.278    0.0897      1.66        42       416      0.146      0.638      0.267      0.238       1.46      0.514       17.9
    79/299     11.1G       1.4         0     0.278     0.167      1.84        44       416       0.16      0.729      0.304      0.263       1.42      0.511       18.3
    80/299     11.1G      1.36         0     0.273    0.0872      1.72        43       416      0.141       0.69      0.268      0.234       1.46      0.509       17.1
    81/299     11.1G       1.3         0     0.272     0.104      1.68        38       416      0.187      0.726      0.332      0.297       1.39      0.507       17.5
    82/299     11.1G      1.27         0     0.272    0.0926      1.63        41       416      0.156      0.709      0.304      0.255       1.46      0.503       17.2
    83/299     11.1G      1.36         0      0.27     0.108      1.73        43       416      0.174      0.727      0.339       0.28       1.36      0.502       20.1
    84/299     11.1G      1.35         0      0.27     0.121      1.74        38       416      0.161        0.7       0.28      0.261        1.4      0.499       19.4
    85/299     11.1G      1.34         0     0.264    0.0908      1.69        59       416      0.161      0.711      0.323      0.262       1.45      0.497       18.2
    86/299     11.1G      1.38         0     0.264     0.136      1.78        34       416       0.18      0.755      0.362      0.291        1.3      0.495       18.2
    87/299     11.1G      1.32         0     0.262    0.0944      1.67        42       416      0.172      0.749      0.341       0.28       1.44      0.493       21.2
    88/299     11.1G      1.32         0     0.261     0.111      1.69        40       416      0.163      0.703      0.337      0.265       1.47      0.489       18.7
    89/299     11.1G      1.37         0      0.26    0.0823      1.71        34       416      0.143       0.66      0.292      0.234       1.47      0.488       17.1
    90/299     11.1G      1.32         0     0.257     0.095      1.67        38       416      0.187      0.764      0.401        0.3       1.36      0.486       17.9
    91/299     11.1G      1.32         0     0.256    0.0648      1.64        50       416      0.168      0.741      0.354      0.274       1.38      0.484       18.6
    92/299     11.1G      1.34         0     0.256    0.0994      1.69        45       416       0.15      0.693      0.277      0.247       1.58      0.483       18.8
    93/299     11.1G      1.34         0     0.254    0.0962      1.69        42       416      0.183      0.762      0.354      0.295       1.37      0.483       19.3
    94/299     11.1G      1.36         0     0.254    0.0903      1.71        43       416      0.153      0.715        0.3      0.252       1.51      0.481       17.6
    95/299     11.1G      1.36         0     0.252    0.0877       1.7        40       416      0.189      0.781      0.447      0.305       1.34      0.479       16.9
    96/299     11.1G      1.33         0     0.249     0.109      1.69        39       416      0.165      0.748       0.33      0.271       1.44      0.477       18.2
    97/299     11.1G      1.33         0     0.249    0.0936      1.68        47       416      0.169      0.694      0.312      0.272       1.37      0.475       19.9
    98/299     11.1G      1.33         0     0.247    0.0887      1.67        44       416      0.173      0.749      0.373      0.281       1.38      0.474       18.4
    99/299     11.1G      1.28         0     0.248    0.0817      1.61        42       416      0.173      0.755      0.366      0.282       1.39      0.473       16.6
   100/299     11.1G      1.29         0     0.246     0.117      1.66        36       416      0.164       0.73       0.35      0.268       1.36      0.471       17.4
   101/299     11.1G      1.31         0     0.245     0.203      1.76        49       416      0.172      0.758      0.301      0.281       1.33      0.469       19.6
   102/299     11.1G      1.29         0     0.244    0.0779      1.61        33       416       0.17      0.772      0.375      0.278       1.34      0.467       19.4
   103/299     11.1G      1.34         0     0.241     0.109      1.69        39       416      0.183      0.748      0.405      0.293       1.36      0.467       18.3
   104/299     11.1G      1.35         0     0.242     0.141      1.73        39       416      0.169      0.729      0.333      0.275       1.36      0.466       18.2
   105/299     11.1G      1.32         0     0.241     0.089      1.65        42       416      0.192      0.788      0.434      0.308       1.28      0.464       16.8
   106/299     11.1G      1.25         0      0.24     0.097      1.59        42       416      0.156      0.732      0.315      0.257       1.43      0.463       17.1
   107/299     11.1G      1.36         0      0.24     0.142      1.74        39       416      0.154      0.721      0.302      0.254       1.44      0.462       18.8
   108/299     11.1G      1.37         0     0.238      0.11      1.71        60       416      0.186      0.775      0.399        0.3       1.31      0.462       19.7
   109/299     11.1G      1.26         0     0.236    0.0922      1.59        50       416      0.178      0.765      0.361      0.288       1.37       0.46       18.3
   110/299     11.1G      1.37         0     0.235    0.0572      1.66        42       416      0.151      0.682      0.286      0.247       1.41       0.46         17
   111/299     11.1G      1.36         0     0.235     0.085      1.68        50       416       0.19      0.808      0.439      0.307       1.31      0.458       16.7
   112/299     11.1G      1.25         0     0.234    0.0708      1.56        41       416      0.171      0.758      0.354      0.279       1.34      0.457       17.8
   113/299     11.1G       1.3         0     0.232    0.0984      1.63        43       416      0.178      0.778      0.358      0.289       1.34      0.457       18.6
   114/299     11.1G      1.32         0     0.233    0.0656      1.62        44       416      0.165      0.744      0.342       0.27       1.42      0.455       18.8
   115/299     11.1G      1.31         0      0.23    0.0905      1.63        42       416      0.174      0.781       0.38      0.285       1.39      0.453       18.6
   116/299     11.1G      1.34         0     0.229    0.0617      1.63        43       416      0.154        0.7      0.295      0.253       1.44      0.453       17.9
   117/299     11.1G      1.38         0      0.23    0.0654      1.67        40       416      0.179      0.759      0.373       0.29       1.36      0.453       17.5
   118/299     11.1G      1.33         0     0.228     0.108      1.67        38       416      0.158      0.726       0.34      0.259       1.48      0.454       19.7
   119/299     11.1G      1.32         0     0.228    0.0873      1.64        38       416      0.163      0.754      0.353      0.268        1.4       0.45       18.7
   120/299     11.1G      1.36         0     0.228    0.0581      1.64        37       416      0.151      0.733       0.34       0.25        1.4      0.451       17.7
   121/299     11.1G      1.38         0     0.226    0.0563      1.66        39       416      0.176      0.766      0.344      0.286        1.4       0.45       17.6
   122/299     11.1G      1.31         0     0.225    0.0686      1.61        44       416      0.157      0.742      0.301      0.259       1.47      0.449       18.4
   123/299     11.1G       1.3         0     0.224    0.0602      1.58        44       416      0.173      0.765      0.355      0.282       1.38      0.447       18.7
   124/299     11.1G      1.28         0     0.223    0.0635      1.56        39       416      0.169       0.75      0.342      0.276       1.46      0.448       18.6
   125/299     11.1G      1.34         0     0.223     0.119      1.69        54       416      0.161      0.748      0.333      0.264        1.4      0.448       18.5
   126/299     11.1G      1.29         0     0.225    0.0825       1.6        48       416      0.174      0.785      0.397      0.285       1.36      0.447         19
   127/299     11.1G      1.38         0     0.221    0.0766      1.67        41       416      0.163      0.768      0.341      0.269       1.43      0.446       18.4
   128/299     11.1G      1.37         0     0.221    0.0758      1.66        51       416      0.174      0.768      0.384      0.284       1.32      0.446       18.2
   129/299     11.1G      1.28         0     0.221    0.0862      1.59        35       416       0.17      0.789      0.379       0.28        1.4      0.444       18.4
   130/299     11.1G      1.33         0     0.221     0.066      1.61        38       416      0.149      0.722      0.268      0.247       1.54      0.445       19.4
   131/299     11.1G      1.37         0     0.219     0.073      1.66        41       416      0.166      0.772      0.383      0.274       1.39      0.445       17.9
   132/299     11.1G      1.33         0      0.22    0.0579      1.61        46       416      0.171      0.784      0.386      0.281        1.4      0.442       17.8
   133/299     11.1G      1.34         0     0.218    0.0765      1.63        35       416      0.175      0.781      0.401      0.285       1.33      0.442       18.5
   134/299     11.1G      1.31         0     0.221    0.0682       1.6        52       416      0.177      0.763      0.364      0.287       1.35      0.443       18.7
   135/299     11.1G      1.29         0     0.217    0.0546      1.56        38       416      0.164      0.766      0.347       0.27       1.41      0.441       16.9
   136/299     11.1G      1.29         0     0.217      0.08      1.59        44       416       0.17      0.778      0.401      0.279       1.36      0.441       17.2
   137/299     11.1G      1.29         0     0.217    0.0758      1.59        52       416      0.158      0.781      0.328      0.263       1.41       0.44         20
   138/299     11.1G      1.36         0     0.218     0.158      1.73        56       416      0.161      0.762      0.317      0.265       1.47       0.44       19.8
   139/299     11.1G      1.34         0     0.216    0.0638      1.62        49       416      0.176      0.789      0.379      0.288       1.38       0.44       18.2
   140/299     11.1G      1.33         0     0.215     0.155       1.7        51       416      0.161      0.771      0.357      0.267       1.42      0.439       18.3
   141/299     11.1G      1.32         0     0.216     0.055      1.59        47       416      0.162      0.758      0.367      0.266        1.4      0.439       18.6
   142/299     11.1G       1.3         0     0.217    0.0623      1.58        57       416      0.159      0.773      0.363      0.264        1.4      0.438       18.4
   143/299     11.1G      1.35         0     0.213    0.0719      1.64        45       416      0.168      0.775      0.349      0.276       1.38      0.437       19.4
   144/299     11.1G      1.28         0     0.214    0.0896      1.59        40       416      0.165      0.774      0.368      0.272       1.39      0.436       18.9
   145/299     11.1G      1.32         0     0.212    0.0655       1.6        40       416      0.165      0.777      0.369      0.271       1.43      0.438       17.3
   146/299     11.1G      1.33         0     0.214    0.0861      1.63        44       416       0.16      0.765      0.318      0.264       1.49      0.436       18.4
   147/299     11.1G       1.3         0     0.213     0.061      1.57        49       416       0.15      0.678      0.285      0.246        1.5      0.435       19.7
   148/299     11.1G       1.3         0     0.213     0.066      1.58        43       416      0.157      0.743      0.319      0.259        1.4      0.436       17.8
   149/299     11.1G      1.31         0     0.212    0.0566      1.58        48       416      0.159      0.755      0.382      0.262       1.34      0.434       17.4
   150/299     11.1G      1.36         0     0.211    0.0906      1.66        40       416      0.172      0.783      0.399      0.281       1.34      0.436       17.5
   151/299     11.1G      1.32         0      0.21    0.0573      1.59        42       416      0.142      0.729      0.267      0.237       1.75      0.435         19
   152/299     11.1G      1.36         0      0.21    0.0808      1.65        36       416      0.171      0.794      0.382      0.281       1.35      0.433         19
   153/299     11.1G       1.3         0      0.21    0.0752      1.58        49       416      0.156      0.752      0.318      0.259       1.47      0.434       18.3
   154/299     11.1G      1.34         0     0.209     0.161      1.71        39       416      0.172      0.765      0.422      0.281       1.33      0.434       18.3
   155/299     11.1G      1.27         0     0.208    0.0779      1.56        42       416      0.147      0.712      0.289      0.243       1.46      0.431       18.9
   156/299     11.1G      1.36         0     0.209    0.0722      1.64        36       416      0.168      0.792      0.383      0.277       1.38      0.432       19.2
   157/299     11.1G      1.32         0     0.208     0.106      1.63        51       416       0.14      0.715      0.298      0.234       1.47      0.432         18
   158/299     11.1G      1.35         0     0.207    0.0536      1.61        36       416      0.172      0.793      0.396      0.283       1.34      0.431       18.2
   159/299     11.1G      1.36         0     0.206    0.0791      1.65        41       416      0.163      0.778      0.357      0.269       1.42      0.432       17.7
   160/299     11.1G      1.31         0     0.207    0.0465      1.56        39       416      0.166      0.795      0.386      0.275       1.42      0.431       17.5
   161/299     11.1G      1.31         0     0.208     0.075      1.59        61       416      0.158      0.774      0.361      0.262       1.45      0.432       17.3
   162/299     11.1G      1.36         0     0.205    0.0662      1.63        47       416      0.173      0.768      0.397      0.282       1.36      0.434       17.2
   163/299     11.1G      1.33         0     0.207    0.0606       1.6        40       416      0.163       0.75      0.341      0.268       1.39      0.432       17.9
   164/299     11.1G      1.29         0     0.207     0.054      1.55        42       416      0.166      0.804      0.384      0.275       1.44       0.43         18
   165/299     11.1G      1.31         0     0.206    0.0593      1.58        36       416      0.159      0.738      0.303      0.261       1.41      0.431       17.5
   166/299     11.1G      1.39         0     0.206     0.059      1.65        41       416      0.154      0.771      0.337      0.256       1.44      0.431       18.2
   167/299     11.1G      1.35         0     0.205    0.0537      1.61        35       416      0.163      0.757      0.336      0.268       1.43      0.429       17.8
   168/299     11.1G      1.28         0     0.205     0.054      1.54        42       416      0.171      0.803       0.37      0.282       1.38      0.429       17.8
   169/299     11.1G      1.34         0     0.203    0.0449      1.59        43       416      0.147      0.714      0.318      0.244       1.44      0.428         18
   170/299     11.1G      1.36         0     0.203    0.0643      1.62        37       416      0.165      0.787        0.4      0.272       1.32       0.43       18.6
   171/299     11.1G      1.29         0     0.204    0.0725      1.57        57       416      0.151      0.782      0.333      0.254       1.43      0.429         19
   172/299     11.1G      1.31         0     0.204    0.0631      1.58        36       416       0.17      0.769      0.364      0.278       1.35      0.428       17.3
   173/299     11.1G      1.31         0     0.202    0.0391      1.55        45       416      0.163      0.775       0.37      0.269       1.36      0.429       18.7
   174/299     11.1G      1.27         0     0.201    0.0639      1.54        40       416       0.16       0.78      0.365      0.266       1.32      0.428       19.1
   175/299     11.1G      1.34         0     0.203    0.0619      1.61        47       416      0.165      0.803      0.389      0.274        1.4      0.427       19.4
   176/299     11.1G      1.34         0     0.202    0.0511      1.59        59       416      0.162      0.776      0.393      0.268       1.42      0.427       18.6
   177/299     11.1G      1.33         0     0.201    0.0697       1.6        47       416      0.173      0.808       0.42      0.285       1.32      0.427       17.3
   178/299     11.1G       1.3         0       0.2    0.0602      1.56        38       416      0.164      0.786      0.374      0.271       1.38      0.428       17.8
   179/299     11.1G      1.39         0       0.2    0.0425      1.63        43       416      0.144      0.752      0.324      0.241       1.46      0.427         18
   180/299     11.1G       1.4         0       0.2    0.0536      1.65        37       416       0.17      0.797      0.357      0.279       1.41      0.428       17.6
   181/299     11.1G      1.34         0       0.2    0.0636       1.6        42       416      0.141      0.685      0.287      0.233       1.46      0.427       18.2
   182/299     11.1G      1.36         0       0.2    0.0512      1.61        44       416      0.177      0.769      0.409      0.287       1.32      0.426       17.9
   183/299     11.1G      1.37         0     0.199    0.0679      1.64        39       416      0.155      0.768      0.355      0.258       1.38      0.428       17.5
   184/299     11.1G      1.37         0       0.2    0.0546      1.62        42       416      0.144      0.706      0.259      0.239       1.52      0.427       18.4
   185/299     11.1G      1.33         0     0.199    0.0543      1.59        39       416      0.156      0.785      0.361       0.26       1.47      0.425       18.2
   186/299     11.1G      1.27         0     0.199     0.114      1.58        40       416      0.161       0.78       0.33      0.266       1.39      0.427       19.4
   187/299     11.1G      1.35         0     0.198    0.0698      1.62        41       416      0.142      0.757      0.301      0.239       1.49      0.425         20
   188/299     11.1G      1.33         0     0.199    0.0619      1.59        44       416      0.156      0.768      0.375       0.26       1.36      0.425       17.6
   189/299     11.1G       1.3         0     0.199    0.0499      1.55        41       416      0.165      0.797      0.351      0.273       1.42      0.425       16.9
   190/299     11.1G      1.39         0     0.199    0.0503      1.64        41       416      0.158      0.792      0.353      0.263       1.43      0.424       16.8
   191/299     11.1G      1.25         0     0.196    0.0409      1.49        45       416      0.144      0.774      0.365      0.243       1.42      0.425       17.8
   192/299     11.1G      1.31         0     0.196    0.0551      1.56        49       416      0.158      0.804      0.353      0.264       1.41      0.427       18.7
   193/299     11.1G      1.33         0     0.197     0.054      1.58        38       416      0.162      0.786      0.368      0.268       1.35      0.423         18
   194/299     11.1G      1.27         0     0.196    0.0509      1.52        40       416      0.157      0.789       0.36      0.262       1.46      0.424       17.8
   195/299     11.1G      1.26         0     0.196    0.0508      1.51        49       416      0.172      0.798      0.396      0.283       1.31      0.424       18.5
   196/299     11.1G      1.25         0     0.196    0.0501      1.49        36       416      0.176      0.825      0.429       0.29       1.31      0.424         18
   197/299     11.1G      1.29         0     0.197    0.0469      1.53        47       416      0.166      0.798      0.371      0.275       1.37      0.424       18.2
   198/299     11.1G      1.34         0     0.196    0.0551      1.59        45       416      0.156      0.782      0.358       0.26        1.4      0.424       18.4
   199/299     11.1G      1.37         0     0.195    0.0465      1.61        37       416      0.171      0.804      0.441      0.282       1.32      0.424       17.8
   200/299     11.1G       1.3         0     0.197    0.0465      1.54        53       416      0.154       0.78      0.341      0.257       1.42      0.424       17.8
   201/299     11.1G      1.33         0     0.196    0.0469      1.58        52       416      0.142      0.715      0.289      0.237       1.47      0.422       18.1
   202/299     11.1G      1.34         0     0.195    0.0623       1.6        41       416      0.151      0.757      0.285      0.251        1.5      0.422         19
   203/299     11.1G      1.28         0     0.193    0.0379      1.51        38       416      0.164      0.785      0.386      0.271       1.38      0.423       18.6
   204/299     11.1G      1.35         0     0.194    0.0576       1.6        43       416       0.16      0.781       0.35      0.265       1.39      0.422         18
   205/299     11.1G       1.3         0     0.194    0.0377      1.53        42       416      0.153       0.78      0.396      0.255       1.39      0.423       17.4
   206/299     11.1G      1.28         0     0.193    0.0543      1.53        45       416      0.153      0.784      0.372      0.256       1.47      0.424       17.1
   207/299     11.1G      1.44         0     0.193    0.0412      1.67        37       416      0.155      0.782      0.337      0.258       1.47      0.422       18.4
   208/299     11.1G      1.31         0     0.194    0.0641      1.57        33       416      0.169      0.809      0.388      0.279        1.4      0.423       19.2
   209/299     11.1G      1.28         0     0.193    0.0719      1.54        39       416      0.139      0.709      0.283      0.232       1.53      0.424       18.1
   210/299     11.1G      1.37         0     0.193    0.0501      1.61        36       416      0.157      0.786      0.347      0.261       1.41      0.421       17.3
   211/299     11.1G      1.35         0     0.191    0.0472      1.58        46       416       0.14      0.738      0.268      0.236       1.48      0.424       17.4
   212/299     11.1G      1.31         0     0.192    0.0513      1.55        43       416      0.144      0.751      0.287      0.241       1.53      0.423         18
   213/299     11.1G      1.37         0     0.191    0.0504      1.61        43       416      0.131      0.688      0.225       0.22       1.57       0.42       18.1
   214/299     11.1G       1.3         0     0.192    0.0463      1.54        44       416      0.145      0.747      0.295      0.242       1.49      0.422       18.5
   215/299     11.1G       1.3         0     0.192    0.0666      1.55        53       416      0.145      0.755      0.293      0.243       1.49      0.423       18.9
   216/299     11.1G      1.32         0     0.191    0.0384      1.55        49       416      0.162       0.79      0.367      0.269        1.4       0.42       18.3
   217/299     11.1G      1.34         0     0.189    0.0363      1.57        40       416      0.158      0.762      0.317      0.261       1.42      0.421         18
   218/299     11.1G      1.32         0     0.189    0.0657      1.58        38       416      0.149      0.781      0.343       0.25       1.45      0.421       18.8
   219/299     11.1G      1.34         0      0.19    0.0711       1.6        46       416      0.156      0.793      0.346       0.26       1.42      0.422       19.9
   220/299     11.1G      1.35         0      0.19    0.0437      1.58        38       416      0.164      0.801       0.35      0.272        1.4      0.421         19
   221/299     11.1G       1.4         0     0.189    0.0494      1.64        43       416      0.158      0.777      0.373      0.262       1.41       0.42       18.1
   222/299     11.1G      1.33         0      0.19    0.0702      1.59        41       416      0.163      0.778      0.329      0.269       1.45      0.421       17.9
   223/299     11.1G      1.38         0     0.189    0.0598      1.63        45       416      0.154       0.79      0.299      0.257       1.48      0.421       18.8
   224/299     11.1G      1.33         0     0.188    0.0518      1.57        44       416      0.148      0.754      0.299      0.247       1.44       0.42       19.1
   225/299     11.1G       1.3         0      0.19    0.0478      1.54        43       416      0.166      0.773      0.344      0.273        1.4      0.421       18.9
   226/299     11.1G      1.26         0     0.188    0.0452      1.49        40       416      0.164      0.795      0.372      0.272       1.37      0.421       18.3
   227/299     11.1G       1.3         0     0.189    0.0459      1.53        50       416      0.132      0.739      0.265      0.224       1.64      0.419       17.6
   228/299     11.1G       1.4         0     0.187    0.0502      1.64        40       416       0.16      0.791      0.369      0.266       1.35      0.422       17.5
   229/299     11.1G       1.3         0     0.188    0.0425      1.53        40       416      0.158      0.786      0.356      0.264       1.45       0.42       18.5
   230/299     11.1G      1.29         0     0.187    0.0428      1.52        44       416      0.175      0.814      0.388      0.288       1.36      0.419       18.7
   231/299     11.1G      1.36         0     0.187    0.0495       1.6        53       416      0.148      0.764      0.291      0.248       1.54      0.421       18.6
   232/299     11.1G      1.33         0     0.189    0.0412      1.56        40       416      0.153      0.786      0.345      0.255       1.43       0.42       18.7
   233/299     11.1G      1.34         0     0.188    0.0467      1.58        43       416      0.164      0.783      0.387      0.271       1.34       0.42       18.2
   234/299     11.1G      1.32         0     0.187    0.0458      1.55        45       416      0.154      0.772      0.328      0.256       1.41      0.422       18.3
   235/299     11.1G      1.28         0     0.187    0.0374       1.5        55       416      0.156      0.779      0.351       0.26       1.44      0.418       19.1
   236/299     11.1G      1.41         0     0.187    0.0428      1.64        47       416      0.155      0.791      0.364      0.258       1.44       0.42       18.9
   237/299     11.1G       1.3         0     0.188    0.0439      1.53        44       416      0.138      0.759      0.264      0.233       1.56       0.42       18.2
   238/299     11.1G      1.31         0     0.187    0.0526      1.55        59       416      0.137      0.744      0.278      0.232       1.56      0.421       18.6
   239/299     11.1G      1.34         0     0.186    0.0385      1.56        47       416      0.152      0.773      0.355      0.254       1.41      0.421       19.4
   240/299     11.1G      1.31         0     0.186    0.0486      1.54        42       416      0.155      0.783      0.325      0.259       1.44       0.42       18.9
   241/299     11.1G      1.03         0     0.187    0.0413      1.26        42       416      0.188      0.826       0.48      0.306       1.22       0.42       18.9
   242/299     11.1G      0.87         0     0.186    0.0366      1.09        48       416      0.198      0.829      0.522      0.319       1.18      0.419       18.5
   243/299     11.1G      0.77         0     0.185    0.0531      1.01        53       416      0.203      0.834      0.542      0.326       1.15      0.419       18.6
   244/299     11.1G     0.711         0     0.186    0.0685     0.965        34       416      0.207      0.833       0.57      0.331       1.12      0.419       18.5
   245/299     11.1G     0.677         0     0.186    0.0441     0.907        38       416      0.213      0.838      0.578      0.338       1.11      0.419         18
   246/299     11.1G     0.635         0     0.185    0.0362     0.857        31       416      0.212      0.834      0.592      0.337       1.09      0.419       17.6
   247/299     11.1G     0.602         0     0.186    0.0589     0.847        43       416      0.219      0.834      0.597      0.346       1.07      0.419       18.1
   248/299     11.1G     0.583         0     0.186    0.0442     0.814        48       416      0.222      0.836      0.603      0.349       1.06      0.418       17.9
   249/299     11.1G     0.557         0     0.186    0.0507     0.793        38       416      0.223      0.837      0.601      0.351       1.06      0.419       18.4
   250/299     11.1G     0.538         0     0.186    0.0396     0.763        45       416      0.226      0.841      0.605      0.355       1.06      0.419       18.4
   251/299     11.1G     0.526         0     0.186    0.0401     0.751        44       416      0.225      0.836      0.608      0.353       1.05       0.42       18.1
   252/299     11.1G     0.515         0     0.187    0.0372     0.739        39       416      0.229      0.845      0.604      0.359       1.05       0.42       18.2
   253/299     11.1G      0.51         0     0.185    0.0341     0.729        39       416      0.234      0.839      0.604      0.364       1.04      0.419       18.2
   254/299     11.1G     0.505         0     0.186     0.051     0.742        38       416      0.233      0.843      0.609      0.364       1.03      0.419       18.2
   255/299     11.1G     0.493         0     0.186    0.0364     0.716        46       416       0.23      0.839      0.614      0.359       1.03      0.419       18.2
   256/299     11.1G      0.48         0     0.186    0.0399     0.706        36       416      0.235       0.85      0.623      0.366       1.03      0.419       18.1
   257/299     11.1G     0.479         0     0.186    0.0373     0.702        44       416      0.227      0.836      0.618      0.355       1.03      0.418       17.9
   258/299     11.1G      0.47         0     0.185    0.0365     0.692        40       416      0.233      0.832      0.606      0.363       1.02       0.42       18.1
   259/299     11.1G     0.471         0     0.185    0.0421     0.698        41       416      0.235      0.846      0.635      0.366       1.02      0.419       17.9
   260/299     11.1G     0.463         0     0.186    0.0314      0.68        51       416      0.231      0.841      0.607      0.361       1.03      0.419       17.7
   261/299     11.1G     0.464         0     0.186    0.0374     0.687        39       416      0.233       0.85       0.63      0.365       1.02      0.419       17.7
   262/299     11.1G     0.463         0     0.185    0.0906     0.738        31       416      0.233      0.839      0.625      0.363       1.02      0.419       17.8
   263/299     11.1G      0.46         0     0.186    0.0453     0.691        47       416      0.233      0.847      0.627      0.364       1.01       0.42       18.1
   264/299     11.1G     0.448         0     0.186    0.0264      0.66        57       416      0.239      0.846      0.624      0.371       1.01       0.42         18
   265/299     11.1G     0.453         0     0.186    0.0547     0.694        49       416      0.237      0.844      0.634      0.368       1.01      0.419       18.1
   266/299     11.1G     0.447         0     0.186    0.0644     0.696        38       416      0.238       0.85      0.633      0.371          1      0.419       18.2
   267/299     11.1G     0.454         0     0.186    0.0545     0.695        42       416      0.236      0.844      0.633      0.367       1.01       0.42         18
   268/299     11.1G     0.449         0     0.186    0.0313     0.666        52       416      0.238      0.843       0.63      0.369       1.01      0.421       18.3
   269/299     11.1G     0.448         0     0.186    0.0369     0.671        49       416      0.235      0.846      0.621      0.366       1.01       0.42       18.3
   270/299     11.1G     0.444         0     0.184    0.0487     0.677        50       416      0.237      0.844      0.628      0.369       1.01      0.419       18.1
   271/299     11.1G     0.422         0     0.186    0.0572     0.666        41       416      0.239      0.843      0.626       0.37          1       0.42       18.2
   272/299     11.1G     0.425         0     0.187    0.0525     0.664        49       416      0.237      0.844      0.618      0.368       1.01      0.419       18.1
   273/299     11.1G     0.413         0     0.185     0.038     0.636        39       416      0.237      0.844      0.626      0.368          1      0.419       18.1
   274/299     11.1G     0.413         0     0.184    0.0485     0.646        43       416      0.237      0.846      0.624      0.369          1      0.419       18.3
   275/299     11.1G     0.408         0     0.184    0.0345     0.626        42       416       0.24      0.852      0.631      0.372          1      0.418         18
   276/299     11.1G      0.41         0     0.187    0.0487     0.646        40       416      0.239      0.852      0.625      0.371          1      0.419       17.6
   277/299     11.1G     0.411         0     0.185    0.0529      0.65        43       416      0.241      0.855      0.633      0.375          1      0.419       18.3
   278/299     11.1G      0.41         0     0.186    0.0351      0.63        39       416      0.239      0.848      0.631      0.371          1      0.419       17.9
   279/299     11.1G     0.402         0     0.186    0.0375     0.626        40       416      0.237      0.846      0.622      0.369          1      0.419         18
   280/299     11.1G     0.411         0     0.187     0.053     0.651        38       416      0.238      0.845      0.626      0.369          1      0.419         18
   281/299     11.1G     0.406         0     0.186     0.045     0.637        37       416      0.244      0.851      0.631      0.377          1       0.42       18.2
   282/299     11.1G     0.405         0     0.185    0.0324     0.623        48       416      0.238       0.85      0.633       0.37      0.999      0.419       18.1
   283/299     11.1G     0.405         0     0.184    0.0424     0.632        44       416       0.24       0.85      0.628      0.373          1      0.419         18
   284/299     11.1G      0.41         0     0.186    0.0512     0.647        39       416      0.238      0.848       0.63       0.37          1      0.418       17.6
   285/299     11.1G     0.405         0     0.185    0.0399      0.63        40       416      0.236      0.843      0.628      0.367          1      0.419         18
   286/299     11.1G     0.408         0     0.185    0.0447     0.638        43       416      0.238      0.844      0.626       0.37          1      0.419       18.1
   287/299     11.1G     0.408         0     0.186    0.0321     0.626        37       416      0.239      0.844      0.625       0.37          1      0.419         18
   288/299     11.1G     0.403         0     0.186    0.0371     0.626        43       416       0.24      0.846      0.631      0.372      0.998      0.419       17.8
   289/299     11.1G     0.401         0     0.185    0.0498     0.636        33       416      0.241      0.843      0.632      0.373          1      0.419       18.2
   290/299     11.1G     0.407         0     0.186     0.043     0.635        39       416      0.238      0.844      0.629       0.37          1      0.419       17.8
   291/299     11.1G     0.399         0     0.186    0.0359     0.621        58       416       0.24      0.843      0.621      0.372      0.999       0.42       18.3
   292/299     11.1G     0.403         0     0.185    0.0288     0.617        47       416      0.241      0.848      0.631      0.373          1      0.419       17.7
   293/299     11.1G       0.4         0     0.185    0.0506     0.636        39       416       0.24      0.848      0.628      0.373      0.999       0.42       18.2
   294/299     11.1G     0.402         0     0.186    0.0506     0.639        38       416      0.239      0.843      0.632      0.371          1      0.419       17.7
   295/299     11.1G     0.398         0     0.185    0.0478      0.63        43       416      0.241      0.848      0.631      0.373          1      0.419       18.2
   296/299     11.1G     0.404         0     0.184    0.0488     0.637        45       416      0.239      0.844      0.628      0.371          1      0.419       17.9
   297/299     11.1G     0.404         0     0.187     0.037     0.627        60       416      0.242      0.846      0.625      0.375      0.999       0.42       18.8
   298/299     11.1G     0.396         0     0.185    0.0466     0.627        43       416       0.24       0.85      0.631      0.372          1      0.419         18
   299/299     11.1G     0.401         0     0.185    0.0442      0.63        45       416      0.242      0.855      0.629      0.375      0.999      0.419         18
