     0/449     1.02G       2.1         0      5.16      49.8        57        42       416          0          0          0          0       1.72       3.08       16.1
     1/449     10.2G      1.78         0      2.11      13.7      17.6        42       416      0.297      0.229      0.119      0.222       1.59       2.58       14.4
     2/449     11.1G      1.65         0      1.89      10.7      14.3        40       416      0.164      0.318        0.1      0.199       1.54       3.19       21.8
     3/449     11.1G      1.56         0      2.13      9.52      13.2        37       416      0.241      0.298      0.175      0.241       1.54       3.18       16.7
     4/449     11.1G      1.48         0      2.08      7.97      11.5        42       416      0.353      0.263      0.148      0.277       1.37       3.22         20
     5/449     11.1G      1.46         0      2.04      6.16      9.66        50       416      0.339      0.247      0.143      0.264       1.41       3.11       14.7
     6/449     11.1G      1.48         0      1.92      5.97      9.37        41       416      0.274       0.37      0.178      0.287       1.34       2.92       24.5
     7/449     11.1G      1.39         0      1.79      3.96      7.14        45       416      0.243      0.459      0.232      0.289       1.33       2.79       16.7
     8/449     11.1G      1.39         0      1.71       3.5      6.59        60       416      0.191      0.373      0.119      0.228       1.43       2.65       18.1
     9/449     11.1G       1.4         0       1.6      3.59      6.59        49       416      0.235      0.438      0.179      0.279       1.33       2.47       20.4
    10/449     11.1G       1.4         0      1.46      2.92      5.78        41       416      0.265      0.469      0.217      0.318       1.37       2.24       23.2
    11/449     11.1G      1.36         0      1.31      2.59      5.26        38       416      0.263      0.445      0.201      0.312       1.34       2.05       18.2
    12/449     11.1G      1.38         0       1.2      2.08      4.66        56       416      0.231      0.438      0.157      0.289       1.34       1.93       21.7
    13/449     11.1G      1.35         0      1.15      1.03      3.53        35       416      0.221      0.463      0.212      0.287       1.36       1.85       19.4
    14/449     11.1G      1.37         0      1.12      1.05      3.54        39       416      0.227      0.505      0.251      0.301       1.38       1.76       20.7
    15/449     11.1G      1.34         0      1.07     0.885      3.29        45       416      0.224      0.467      0.169      0.295       1.39       1.68         20
    16/449     11.1G      1.32         0         1     0.718      3.04        44       416      0.241      0.446      0.159      0.308       1.39        1.6       17.5
    17/449     11.1G      1.37         0     0.968     0.782      3.12        47       416      0.165      0.437      0.121      0.235       1.46       1.52       23.2
    18/449     11.1G      1.43         0      0.92     0.655      3.01        46       416      0.201      0.442      0.161      0.275       1.39       1.46       20.1
    19/449     11.1G      1.42         0     0.878     0.564      2.86        51       416      0.162      0.462      0.134      0.239       1.42       1.41       20.3
    20/449     11.1G       1.4         0     0.855     0.645       2.9        33       416      0.234      0.538      0.278      0.324       1.26       1.37       20.8
    21/449     11.1G      1.33         0     0.814     0.459       2.6        55       416      0.208      0.526      0.234      0.294       1.36       1.32       17.4
    22/449     11.1G      1.32         0      0.79     0.309      2.42        39       416      0.218      0.541       0.26      0.309       1.36       1.28       18.3
    23/449     11.1G      1.32         0      0.77     0.471      2.57        46       416      0.204      0.526      0.195      0.293       1.34       1.24       19.2
    24/449     11.1G      1.38         0     0.733     0.441      2.56        43       416      0.207      0.503      0.238      0.293       1.37       1.19       18.2
    25/449     11.1G      1.34         0     0.703     0.309      2.35        39       416      0.186      0.524      0.183      0.274       1.44       1.15       18.8
    26/449     11.1G      1.26         0     0.689     0.366      2.31        43       416      0.222      0.541      0.257      0.314       1.39       1.11       19.2
    27/449     11.1G      1.32         0      0.66     0.382      2.37        48       416      0.178      0.455      0.159      0.256       1.48       1.07       20.2
    28/449     11.1G      1.41         0     0.632     0.197      2.24        57       416      0.198      0.555      0.241      0.291       1.38       1.04       18.4
    29/449     11.1G       1.4         0     0.615     0.234      2.25        35       416      0.249      0.623      0.334      0.354        1.3          1       18.5
    30/449     11.1G      1.34         0     0.592       0.2      2.13        55       416      0.241      0.602      0.298      0.343       1.31      0.975       18.8
    31/449     11.1G      1.33         0     0.578     0.221      2.13        44       416      0.207      0.564      0.258      0.302       1.45      0.946       19.2
    32/449     11.1G      1.41         0     0.558     0.215      2.18        42       416      0.196      0.594      0.252      0.294       1.39      0.924       19.8
    33/449     11.1G      1.31         0     0.542     0.248       2.1        44       416      0.203      0.606      0.248      0.302       1.43      0.899       17.5
    34/449     11.1G      1.32         0     0.526     0.156         2        33       416       0.21      0.624      0.257      0.313        1.4      0.876       19.9
    35/449     11.1G      1.32         0     0.512     0.156      1.99        52       416      0.202      0.616      0.261      0.303       1.44      0.857       19.4
    36/449     11.1G      1.34         0     0.504     0.138      1.98        49       416      0.228      0.662      0.332      0.338       1.31      0.837       18.6
    37/449     11.1G      1.32         0     0.489     0.174      1.99        52       416      0.219      0.666      0.316      0.328        1.3      0.816       20.1
    38/449     11.1G      1.33         0     0.475       0.2         2        45       416      0.202      0.658      0.296      0.308       1.43      0.796       18.3
    39/449     11.1G      1.36         0     0.464     0.256      2.08        43       416      0.236      0.658      0.346      0.346       1.32      0.784       16.8
    40/449     11.1G      1.26         0     0.454     0.296      2.01        46       416      0.188       0.64      0.272       0.29       1.48      0.768       19.9
    41/449     11.1G      1.35         0     0.444       0.2      1.99        46       416      0.192      0.659      0.275      0.296       1.37      0.754         19
    42/449     11.1G      1.33         0     0.434     0.173      1.94        47       416      0.232      0.695       0.35      0.347       1.37      0.737       20.1
    43/449     11.1G      1.32         0     0.424     0.235      1.98        41       416      0.204      0.678      0.306      0.313       1.36      0.725       18.5
    44/449     11.1G      1.36         0      0.42     0.154      1.93        42       416      0.191      0.637      0.282      0.292       1.43      0.712       19.1
    45/449     11.1G      1.34         0      0.41     0.148      1.89        38       416      0.179       0.61       0.27      0.277       1.39        0.7       18.8
    46/449     11.1G      1.36         0     0.403     0.205      1.97        37       416       0.17      0.648      0.206      0.269       1.51       0.69       18.8
    47/449     11.1G      1.28         0     0.397     0.138      1.82        49       416      0.174      0.656      0.265      0.275       1.46      0.682       18.2
    48/449     11.1G      1.31         0     0.387      0.11      1.81        44       416      0.196      0.727      0.368      0.308       1.32      0.672       18.8
    49/449     11.1G      1.33         0      0.38      0.15      1.86        46       416      0.162       0.61      0.243      0.255       1.53      0.663       18.8
    50/449     11.1G      1.32         0     0.378     0.129      1.83        43       416      0.199      0.696      0.353       0.31       1.29      0.653       19.3
    51/449     11.1G      1.32         0      0.37     0.141      1.83        35       416      0.212      0.746      0.392       0.33        1.3      0.644       19.8
    52/449     11.1G       1.3         0     0.366     0.103      1.77        43       416      0.185        0.7       0.33      0.293       1.47      0.636         19
    53/449     11.1G      1.37         0     0.363     0.145      1.87        54       416      0.159       0.66       0.27      0.256       1.51      0.629       17.9
    54/449     11.1G      1.31         0     0.354     0.206      1.87        37       416      0.161      0.659      0.236      0.258       1.47       0.62       21.1
    55/449     11.1G      1.27         0     0.351     0.184      1.81        38       416      0.192      0.747      0.377      0.305       1.28      0.614       18.7
    56/449     11.1G      1.33         0     0.344     0.174      1.85        53       416       0.18      0.705      0.357      0.287       1.38      0.607       17.4
    57/449     11.1G      1.35         0     0.341     0.169      1.86        39       416      0.186      0.744      0.341      0.298       1.34      0.601       16.8
    58/449     11.1G      1.33         0     0.338     0.172      1.84        47       416      0.156      0.653      0.249      0.252       1.54      0.596         21
    59/449     11.1G      1.34         0      0.33     0.215      1.89        53       416      0.186      0.708      0.333      0.295       1.37      0.589       16.9
    60/449     11.1G      1.31         0     0.328     0.128      1.77        42       416      0.183      0.698      0.357       0.29       1.37      0.584         16
    61/449     11.1G       1.4         0     0.327     0.145      1.87        47       416      0.178      0.719      0.352      0.286       1.33      0.578       18.2
    62/449     11.1G      1.34         0     0.323     0.119      1.79        46       416      0.171        0.7      0.326      0.275       1.45      0.573       19.6
    63/449     11.1G      1.33         0     0.317     0.145      1.79        41       416      0.167      0.713      0.307       0.27       1.52      0.568       16.1
    64/449     11.1G      1.35         0     0.316     0.185      1.85        42       416      0.199      0.734      0.403      0.313       1.36      0.565       18.9
    65/449     11.1G      1.27         0     0.314    0.0933      1.67        40       416      0.168      0.693      0.312       0.27       1.35      0.559       19.9
    66/449     11.1G       1.3         0     0.309     0.127      1.74        35       416      0.161      0.692      0.306      0.261       1.39      0.555       17.4
    67/449     11.1G      1.26         0     0.306     0.213      1.78        42       416      0.165      0.715      0.304      0.268       1.42       0.55         20
    68/449     11.1G      1.31         0     0.302     0.176      1.79        44       416      0.178      0.727      0.317      0.286       1.35      0.545       22.8
    69/449     11.1G      1.29         0       0.3     0.102      1.69        40       416      0.154      0.692       0.32      0.252       1.45      0.542       17.2
    70/449     11.1G      1.36         0     0.296     0.173      1.83        46       416      0.157      0.689      0.292      0.255       1.51      0.539       16.3
    71/449     11.1G      1.36         0     0.294    0.0912      1.74        51       416      0.166      0.751      0.319      0.272       1.38      0.534       19.3
    72/449     11.1G      1.32         0     0.293      0.15      1.77        36       416      0.169       0.74      0.342      0.276        1.4       0.53       17.5
    73/449     11.1G      1.38         0     0.291     0.136       1.8        44       416      0.161      0.713      0.309      0.263       1.56      0.529       18.5
    74/449     11.1G      1.35         0     0.287    0.0939      1.73        38       416      0.152      0.649      0.306      0.246       1.41      0.526       18.7
    75/449     11.1G      1.41         0     0.285     0.112       1.8        47       416      0.165      0.682      0.291      0.266       1.42      0.523       16.8
    76/449     11.1G      1.28         0     0.282      0.14      1.71        42       416      0.185      0.738      0.352      0.295        1.4       0.52       17.7
    77/449     11.1G      1.37         0     0.281     0.088      1.74        42       416      0.153        0.7      0.297      0.251       1.45      0.516       16.8
    78/449     11.1G      1.36         0     0.278    0.0897      1.72        42       416      0.184      0.762      0.375      0.297       1.33      0.514       17.9
    79/449     11.1G      1.29         0     0.278     0.167      1.74        44       416      0.174      0.736      0.331      0.282       1.41      0.511       18.3
    80/449     11.1G      1.36         0     0.273    0.0872      1.72        43       416      0.177      0.747      0.362      0.286       1.46      0.509       17.1
    81/449     11.1G      1.32         0     0.272     0.104      1.69        38       416      0.182      0.745      0.322      0.293       1.42      0.507       17.5
    82/449     11.1G      1.31         0     0.272    0.0926      1.68        41       416      0.173      0.741      0.369       0.28       1.31      0.503       17.2
    83/449     11.1G      1.35         0      0.27     0.108      1.73        43       416      0.181      0.751       0.35      0.292       1.41      0.502       20.1
    84/449     11.1G      1.33         0      0.27     0.121      1.72        38       416      0.181      0.739      0.352      0.291       1.39      0.499       19.4
    85/449     11.1G       1.3         0     0.264    0.0908      1.66        59       416      0.171      0.722      0.334      0.276       1.38      0.497       18.2
    86/449     11.1G      1.37         0     0.264     0.136      1.77        34       416      0.194      0.743      0.416      0.308       1.34      0.495       18.2
    87/449     11.1G      1.32         0     0.262    0.0944      1.67        42       416      0.158      0.704      0.308      0.258       1.44      0.493       21.2
    88/449     11.1G      1.37         0     0.261     0.111      1.74        40       416      0.175      0.734       0.38      0.282       1.33      0.489       18.7
    89/449     11.1G       1.3         0      0.26    0.0823      1.64        34       416      0.177      0.764      0.391      0.288       1.33      0.488       17.1
    90/449     11.1G      1.28         0     0.257     0.095      1.63        38       416      0.166       0.73      0.315       0.27       1.45      0.486       17.9
    91/449     11.1G      1.34         0     0.256    0.0648      1.66        50       416      0.163      0.766      0.327      0.269       1.46      0.484       18.6
    92/449     11.1G      1.35         0     0.256    0.0994      1.71        45       416      0.186       0.73      0.359      0.296       1.44      0.483       18.8
    93/449     11.1G      1.24         0     0.254    0.0962      1.59        42       416      0.183      0.779      0.388      0.296       1.32      0.483       19.3
    94/449     11.1G      1.43         0     0.254    0.0903      1.77        43       416      0.179      0.732      0.357      0.288       1.32      0.481       17.6
    95/449     11.1G      1.34         0     0.252    0.0877      1.68        40       416      0.166      0.747       0.33      0.271       1.39      0.479       16.9
    96/449     11.1G      1.29         0     0.249     0.109      1.65        39       416      0.167      0.738      0.369      0.272       1.39      0.477       18.2
    97/449     11.1G      1.36         0     0.249    0.0936       1.7        47       416      0.148       0.67      0.295      0.243       1.54      0.475       19.9
    98/449     11.1G      1.36         0     0.247    0.0887       1.7        44       416      0.167      0.717      0.312      0.271       1.38      0.474       18.4
    99/449     11.1G      1.32         0     0.248    0.0817      1.65        42       416      0.171      0.752      0.359      0.279       1.37      0.473       16.6
   100/449     11.1G      1.32         0     0.246     0.117      1.68        36       416      0.162      0.726      0.311      0.264       1.46      0.471       17.4
   101/449     11.1G      1.29         0     0.245     0.203      1.73        49       416      0.159      0.753      0.311      0.263       1.42      0.469       19.6
   102/449     11.1G      1.39         0     0.244    0.0779      1.72        33       416      0.157      0.727      0.297      0.259       1.55      0.467       19.4
   103/449     11.1G      1.31         0     0.241     0.109      1.66        39       416      0.179      0.778      0.383      0.291       1.43      0.467       18.3
   104/449     11.1G       1.4         0     0.242     0.141      1.78        39       416      0.179      0.774       0.37      0.291       1.34      0.466       18.2
   105/449     11.1G      1.36         0     0.241     0.089      1.69        42       416      0.169      0.762       0.41      0.277       1.35      0.464       16.8
   106/449     11.1G      1.31         0      0.24     0.097      1.65        42       416      0.183      0.736      0.349      0.294       1.38      0.463       17.1
   107/449     11.1G      1.35         0      0.24     0.142      1.73        39       416      0.175      0.767      0.356      0.285       1.38      0.462       18.8
   108/449     11.1G      1.29         0     0.238      0.11      1.64        60       416      0.171      0.713      0.314      0.276       1.42      0.462       19.7
   109/449     11.1G      1.27         0     0.236    0.0922       1.6        50       416      0.159      0.716      0.306       0.26        1.4       0.46       18.3
   110/449     11.1G      1.34         0     0.235    0.0572      1.63        42       416      0.189       0.79      0.402      0.304        1.3       0.46         17
   111/449     11.1G      1.33         0     0.235     0.085      1.65        50       416      0.168      0.754       0.38      0.275       1.41      0.458       16.7
   112/449     11.1G      1.38         0     0.234    0.0708      1.69        41       416      0.151      0.718       0.31       0.25       1.46      0.457       17.8
   113/449     11.1G      1.34         0     0.232    0.0984      1.68        43       416      0.155      0.727      0.311      0.255       1.45      0.457       18.6
   114/449     11.1G      1.32         0     0.233    0.0656      1.62        44       416      0.147      0.696      0.294      0.243       1.46      0.455       18.8
   115/449     11.1G      1.36         0      0.23    0.0905      1.68        42       416       0.18      0.787      0.394      0.293       1.42      0.453       18.6
   116/449     11.1G      1.37         0     0.229    0.0617      1.66        43       416       0.18       0.77      0.384      0.291       1.37      0.453       17.9
   117/449     11.1G      1.39         0      0.23    0.0654      1.68        40       416      0.168      0.757      0.354      0.275       1.45      0.453       17.5
   118/449     11.1G      1.32         0     0.228     0.108      1.65        38       416      0.175      0.759      0.347      0.284        1.4      0.454       19.7
   119/449     11.1G      1.32         0     0.228    0.0873      1.63        38       416      0.188      0.795      0.439      0.304       1.29       0.45       18.7
   120/449     11.1G      1.32         0     0.228    0.0581       1.6        37       416      0.157      0.756      0.315       0.26       1.48      0.451       17.7
   121/449     11.1G      1.34         0     0.226    0.0563      1.62        39       416      0.176      0.799      0.417      0.289       1.32       0.45       17.6
   122/449     11.1G      1.28         0     0.225    0.0686      1.58        44       416      0.146      0.676      0.271       0.24       1.46      0.449       18.4
   123/449     11.1G      1.37         0     0.224    0.0602      1.65        44       416      0.169       0.77      0.332      0.277       1.42      0.447       18.7
   124/449     11.1G      1.33         0     0.223    0.0635      1.61        39       416      0.166      0.773      0.357      0.274        1.4      0.448       18.6
   125/449     11.1G      1.33         0     0.223     0.119      1.67        54       416      0.173      0.779      0.393      0.283       1.39      0.448       18.5
   126/449     11.1G      1.33         0     0.225    0.0825      1.64        48       416      0.161      0.749      0.329      0.265       1.41      0.447         19
   127/449     11.1G      1.29         0     0.221    0.0766      1.58        41       416       0.17      0.762      0.364      0.278       1.35      0.446       18.4
   128/449     11.1G      1.31         0     0.221    0.0758      1.61        51       416      0.183      0.785       0.38      0.297       1.35      0.446       18.2
   129/449     11.1G      1.33         0     0.221    0.0862      1.63        35       416      0.152      0.713      0.321      0.251       1.44      0.444       18.4
   130/449     11.1G      1.32         0     0.221     0.066      1.61        38       416      0.161      0.716      0.307      0.263       1.46      0.445       19.4
   131/449     11.1G      1.34         0     0.219     0.073      1.63        41       416      0.159      0.775      0.351      0.264       1.45      0.445       17.9
   132/449     11.1G      1.25         0      0.22    0.0579      1.53        46       416      0.154      0.746      0.329      0.255       1.47      0.442       17.8
   133/449     11.1G       1.3         0     0.218    0.0765       1.6        35       416      0.139      0.648      0.258      0.229       1.61      0.442       18.5
   134/449     11.1G      1.33         0     0.221    0.0682      1.62        52       416      0.142      0.685      0.229      0.235       1.48      0.443       18.7
   135/449     11.1G      1.31         0     0.217    0.0546      1.58        38       416      0.177      0.802      0.403       0.29       1.34      0.441       16.9
   136/449     11.1G      1.23         0     0.217      0.08      1.52        44       416      0.184      0.812      0.432        0.3        1.3      0.441       17.2
   137/449     11.1G      1.33         0     0.217    0.0758      1.62        52       416       0.15      0.722      0.253      0.248        1.5       0.44         20
   138/449     11.1G      1.29         0     0.218     0.158      1.67        56       416      0.152      0.739      0.342      0.251       1.43       0.44       19.8
   139/449     11.1G      1.31         0     0.216    0.0638      1.59        49       416      0.169      0.764      0.346      0.276        1.4       0.44       18.2
   140/449     11.1G      1.34         0     0.215     0.155      1.71        51       416      0.155      0.761      0.303      0.258       1.57      0.439       18.3
   141/449     11.1G      1.35         0     0.216     0.055      1.62        47       416       0.18      0.784      0.411      0.292       1.32      0.439       18.6
   142/449     11.1G      1.31         0     0.217    0.0623      1.59        57       416      0.178       0.79      0.407       0.29        1.4      0.438       18.4
   143/449     11.1G      1.33         0     0.213    0.0719      1.62        45       416      0.174      0.782      0.377      0.285       1.38      0.437       19.4
   144/449     11.1G       1.3         0     0.214    0.0896      1.61        40       416      0.162      0.751      0.381      0.267       1.34      0.436       18.9
   145/449     11.1G       1.4         0     0.212    0.0655      1.68        40       416      0.164      0.751      0.343      0.269       1.42      0.438       17.3
   146/449     11.1G      1.41         0     0.214    0.0861      1.71        44       416      0.158      0.768      0.364      0.262       1.39      0.436       18.4
   147/449     11.1G      1.32         0     0.213     0.061      1.59        49       416      0.185      0.791      0.406      0.299       1.34      0.435       19.7
   148/449     11.1G      1.33         0     0.213     0.066      1.61        43       416      0.156      0.743      0.333      0.258       1.38      0.436       17.8
   149/449     11.1G      1.33         0     0.212    0.0566       1.6        48       416      0.159      0.769       0.36      0.264       1.46      0.434       17.4
   150/449     11.1G      1.31         0     0.211    0.0906      1.61        40       416       0.18      0.799      0.393      0.293       1.33      0.436       17.5
   151/449     11.1G      1.33         0      0.21    0.0573       1.6        42       416      0.169      0.761      0.378      0.276       1.35      0.435         19
   152/449     11.1G       1.3         0      0.21    0.0808      1.59        36       416      0.162       0.76      0.343      0.267       1.36      0.433         19
   153/449     11.1G      1.28         0      0.21    0.0752      1.56        49       416      0.172      0.796      0.391      0.282       1.38      0.434       18.3
   154/449     11.1G      1.34         0     0.209     0.161      1.71        39       416      0.175      0.765      0.394      0.285        1.3      0.434       18.3
   155/449     11.1G      1.32         0     0.208    0.0779      1.61        42       416       0.15      0.737      0.277      0.249       1.48      0.431       18.9
   156/449     11.1G      1.36         0     0.209    0.0722      1.64        36       416      0.155      0.765      0.364      0.258       1.44      0.432       19.2
   157/449     11.1G      1.35         0     0.208     0.106      1.66        51       416      0.158      0.765      0.302      0.262       1.46      0.432         18
   158/449     11.1G       1.3         0     0.207    0.0536      1.56        36       416      0.171      0.796      0.367      0.282       1.33      0.431       18.2
   159/449     11.1G      1.35         0     0.206    0.0791      1.63        41       416      0.164      0.765      0.369       0.27       1.37      0.432       17.7
   160/449     11.1G      1.32         0     0.207    0.0465      1.57        39       416      0.173      0.776      0.361      0.282       1.38      0.431       17.5
   161/449     11.1G      1.31         0     0.208     0.075      1.59        61       416      0.169      0.765      0.388      0.277       1.32      0.432       17.3
   162/449     11.1G      1.35         0     0.205    0.0662      1.62        47       416      0.174      0.758      0.379      0.282       1.31      0.434       17.2
   163/449     11.1G      1.33         0     0.207    0.0606       1.6        40       416      0.145      0.719      0.289      0.241       1.48      0.432       17.9
   164/449     11.1G      1.37         0     0.207     0.054      1.64        42       416      0.158      0.777      0.349      0.263       1.45       0.43         18
   165/449     11.1G      1.35         0     0.206    0.0593      1.61        36       416      0.165      0.792       0.38      0.274       1.39      0.431       17.5
   166/449     11.1G      1.31         0     0.206     0.059      1.58        41       416      0.181      0.805      0.447      0.295       1.32      0.431       18.2
   167/449     11.1G      1.35         0     0.205    0.0537      1.61        35       416      0.157       0.78      0.376      0.262       1.48      0.429       17.8
   168/449     11.1G      1.42         0     0.205     0.054      1.68        42       416      0.155      0.748      0.324      0.256        1.5      0.429       17.8
   169/449     11.1G      1.38         0     0.203    0.0449      1.63        43       416       0.15      0.742      0.268       0.25       1.54      0.428         18
   170/449     11.1G      1.33         0     0.203    0.0643       1.6        37       416      0.143      0.704      0.294      0.237       1.45       0.43       18.6
   171/449     11.1G      1.34         0     0.204    0.0725      1.62        57       416      0.168      0.789       0.34      0.277       1.38      0.429         19
   172/449     11.1G       1.3         0     0.204    0.0631      1.57        36       416      0.167      0.771      0.401      0.274       1.35      0.428       17.3
   173/449     11.1G      1.34         0     0.202    0.0391      1.58        45       416      0.158      0.771      0.321      0.262       1.44      0.429       18.7
   174/449     11.1G      1.36         0     0.201    0.0639      1.62        40       416       0.17      0.795      0.421       0.28       1.29      0.428       19.1
   175/449     11.1G      1.32         0     0.203    0.0619      1.58        47       416      0.156      0.773      0.328      0.259       1.47      0.427       19.4
   176/449     11.1G      1.39         0     0.202    0.0511      1.65        59       416      0.147       0.76      0.329      0.247       1.54      0.427       18.6
   177/449     11.1G      1.33         0     0.201    0.0697       1.6        47       416      0.157      0.788      0.359      0.262       1.42      0.427       17.3
   178/449     11.1G      1.31         0       0.2    0.0602      1.57        38       416      0.156      0.791      0.358       0.26       1.49      0.428       17.8
   179/449     11.1G      1.39         0       0.2    0.0425      1.63        43       416      0.151      0.774      0.372      0.253       1.46      0.427         18
   180/449     11.1G      1.28         0       0.2    0.0536      1.53        37       416       0.16      0.774      0.336      0.264       1.45      0.428       17.6
   181/449     11.1G      1.25         0       0.2    0.0636      1.52        42       416      0.151      0.745      0.321      0.251       1.49      0.427       18.2
   182/449     11.1G       1.4         0       0.2    0.0512      1.65        44       416      0.168      0.776       0.36      0.276        1.4      0.426       17.9
   183/449     11.1G      1.35         0     0.199    0.0679      1.61        39       416      0.144      0.711      0.309       0.24       1.48      0.428       17.5
   184/449     11.1G      1.31         0       0.2    0.0546      1.57        42       416      0.147       0.73        0.3      0.244       1.52      0.427       18.4
   185/449     11.1G      1.33         0     0.199    0.0543      1.58        39       416      0.147      0.747      0.315      0.245       1.54      0.425       18.2
   186/449     11.1G      1.38         0     0.199     0.114      1.69        40       416      0.159      0.734      0.328       0.26       1.39      0.427       19.4
   187/449     11.1G      1.31         0     0.198    0.0698      1.58        41       416       0.16      0.803      0.372      0.267       1.43      0.425         20
   188/449     11.1G      1.35         0     0.199    0.0619      1.61        44       416      0.161      0.772      0.338      0.267       1.35      0.425       17.6
   189/449     11.1G      1.32         0     0.199    0.0499      1.57        41       416      0.151      0.752      0.323      0.251       1.49      0.425       16.9
   190/449     11.1G      1.31         0     0.199    0.0503      1.56        41       416      0.171      0.768      0.351      0.279       1.39      0.424       16.8
   191/449     11.1G      1.32         0     0.196    0.0409      1.56        45       416      0.151      0.744      0.376      0.251       1.45      0.425       17.8
   192/449     11.1G      1.28         0     0.196    0.0551      1.53        49       416       0.16      0.787      0.366      0.266       1.42      0.427       18.7
   193/449     11.1G      1.32         0     0.197     0.054      1.58        38       416      0.159      0.789      0.335      0.265       1.43      0.423         18
   194/449     11.1G      1.43         0     0.196    0.0509      1.68        40       416      0.164      0.774      0.394       0.27       1.36      0.424       17.8
   195/449     11.1G      1.31         0     0.196    0.0508      1.55        49       416      0.151      0.777      0.351      0.252       1.45      0.424       18.5
   196/449     11.1G      1.33         0     0.196    0.0501      1.57        36       416      0.152      0.785      0.318      0.254       1.54      0.424         18
   197/449     11.1G      1.34         0     0.197    0.0469      1.58        47       416      0.157      0.795      0.368      0.262       1.43      0.424       18.2
   198/449     11.1G      1.29         0     0.196    0.0551      1.54        45       416      0.156      0.759      0.322      0.258       1.43      0.424       18.4
   199/449     11.1G      1.28         0     0.195    0.0465      1.52        37       416      0.142      0.716      0.294      0.237       1.48      0.424       17.8
   200/449     11.1G      1.41         0     0.197    0.0465      1.65        53       416      0.158      0.781      0.325      0.263       1.41      0.424       17.8
   201/449     11.1G      1.31         0     0.196    0.0469      1.55        52       416      0.136      0.745      0.304       0.23       1.62      0.422       18.1
   202/449     11.1G       1.4         0     0.195    0.0623      1.66        41       416      0.143      0.727      0.263      0.239       1.49      0.422         19
   203/449     11.1G      1.32         0     0.193    0.0379      1.55        38       416      0.151      0.792      0.334      0.253       1.48      0.423       18.6
   204/449     11.1G      1.32         0     0.194    0.0576      1.57        43       416      0.161      0.809      0.357      0.269       1.47      0.422         18
   205/449     11.1G      1.33         0     0.194    0.0377      1.56        42       416      0.164      0.806      0.352      0.273       1.44      0.423       17.4
   206/449     11.1G      1.34         0     0.193    0.0543      1.59        45       416      0.154      0.801      0.402      0.259       1.37      0.424       17.1
   207/449     11.1G      1.31         0     0.193    0.0412      1.54        37       416      0.156      0.785      0.319       0.26       1.47      0.422       18.4
   208/449     11.1G      1.31         0     0.194    0.0641      1.57        33       416      0.162      0.807      0.384       0.27       1.38      0.423       19.2
   209/449     11.1G      1.29         0     0.193    0.0719      1.55        39       416      0.166      0.781      0.359      0.274       1.37      0.424       18.1
   210/449     11.1G       1.3         0     0.193    0.0501      1.55        36       416      0.173      0.811      0.383      0.285       1.39      0.421       17.3
   211/449     11.1G      1.33         0     0.191    0.0472      1.57        46       416      0.154      0.781      0.357      0.257       1.45      0.424       17.4
   212/449     11.1G      1.39         0     0.192    0.0513      1.63        43       416      0.151      0.742      0.293       0.25       1.46      0.423         18
   213/449     11.1G      1.38         0     0.191    0.0504      1.62        43       416      0.154      0.776      0.319      0.257       1.46       0.42       18.1
   214/449     11.1G      1.35         0     0.192    0.0463      1.59        44       416      0.168      0.816      0.435      0.279       1.36      0.422       18.5
   215/449     11.1G       1.3         0     0.192    0.0666      1.56        53       416      0.148      0.751      0.307      0.248       1.52      0.423       18.9
   216/449     11.1G      1.38         0     0.191    0.0384      1.61        49       416       0.16      0.796      0.406      0.266       1.39       0.42       18.3
   217/449     11.1G      1.29         0     0.189    0.0363      1.51        40       416      0.147      0.753      0.345      0.246        1.5      0.421         18
   218/449     11.1G      1.36         0     0.189    0.0657      1.62        38       416      0.158      0.791      0.417      0.263       1.35      0.421       18.8
   219/449     11.1G      1.23         0      0.19    0.0711      1.49        46       416      0.151      0.768      0.298      0.252       1.52      0.422       19.9
   220/449     11.1G      1.33         0      0.19    0.0437      1.56        38       416       0.17      0.787      0.379      0.278       1.36      0.421         19
   221/449     11.1G      1.33         0     0.189    0.0494      1.57        43       416      0.146      0.737      0.274      0.244       1.42       0.42       18.1
   222/449     11.1G      1.34         0      0.19    0.0702       1.6        41       416      0.155      0.779       0.38      0.259       1.42      0.421       17.9
   223/449     11.1G      1.37         0     0.189    0.0598      1.62        45       416      0.157      0.803      0.363      0.262       1.51      0.421       18.8
   224/449     11.1G      1.42         0     0.188    0.0518      1.66        44       416      0.172      0.804      0.415      0.283       1.32       0.42       19.1
   225/449     11.1G      1.31         0      0.19    0.0478      1.55        43       416      0.173      0.804      0.396      0.284       1.35      0.421       18.9
   226/449     11.1G      1.34         0     0.188    0.0452      1.58        40       416      0.167      0.796      0.373      0.276       1.39      0.421       18.3
   227/449     11.1G      1.31         0     0.189    0.0459      1.55        50       416      0.153      0.767      0.349      0.256       1.45      0.419       17.6
   228/449     11.1G       1.4         0     0.187    0.0502      1.64        40       416      0.148      0.798      0.403       0.25       1.41      0.422       17.5
   229/449     11.1G      1.34         0     0.188    0.0425      1.57        40       416      0.165        0.8      0.412      0.273       1.38       0.42       18.5
   230/449     11.1G      1.38         0     0.187    0.0428      1.61        44       416      0.151      0.766      0.341      0.252       1.42      0.419       18.7
   231/449     11.1G      1.32         0     0.187    0.0495      1.56        53       416      0.165      0.813      0.405      0.274       1.35      0.421       18.6
   232/449     11.1G      1.28         0     0.189    0.0412      1.51        40       416       0.15      0.747      0.345      0.249       1.43       0.42       18.7
   233/449     11.1G      1.32         0     0.188    0.0467      1.56        43       416      0.163      0.798      0.344       0.27       1.43       0.42       18.2
   234/449     11.1G      1.35         0     0.187    0.0458      1.58        45       416      0.178      0.824      0.416      0.292       1.34      0.422       18.3
   235/449     11.1G      1.25         0     0.187    0.0374      1.48        55       416      0.162      0.825      0.377       0.27        1.4      0.418       19.1
   236/449     11.1G      1.36         0     0.187    0.0428      1.59        47       416      0.155      0.743      0.329      0.257       1.42       0.42       18.9
   237/449     11.1G      1.25         0     0.188    0.0439      1.48        44       416      0.152      0.755      0.314      0.253       1.48       0.42       18.2
   238/449     11.1G      1.37         0     0.187    0.0526      1.61        59       416      0.148      0.753      0.307      0.247       1.42      0.421       18.6
   239/449     11.1G      1.33         0     0.186    0.0385      1.56        47       416      0.143      0.746      0.331       0.24       1.45      0.421       19.4
   240/449     11.1G      1.37         0     0.186    0.0486       1.6        42       416      0.167      0.801      0.408      0.275       1.38       0.42       18.9
   241/449     11.1G      1.35         0     0.187    0.0375      1.58        42       416      0.167      0.799      0.401      0.276       1.37       0.42       18.1
   242/449     11.1G      1.35         0     0.186    0.0387      1.58        48       416      0.157      0.764       0.32      0.261       1.44      0.418       16.9
   243/449     11.1G      1.31         0     0.185    0.0613      1.56        53       416      0.153      0.799      0.344      0.256       1.49      0.419       17.4
   244/449     11.1G      1.32         0     0.186    0.0778      1.59        34       416      0.141       0.75      0.263      0.238       1.47      0.419       18.9
   245/449     11.1G       1.3         0     0.185    0.0458      1.53        38       416      0.145      0.773      0.296      0.243       1.52      0.419       18.3
   246/449     11.1G      1.37         0     0.184    0.0369      1.59        31       416      0.173      0.816        0.4      0.285       1.31      0.419       17.4
   247/449     11.1G      1.29         0     0.185    0.0606      1.54        43       416      0.173      0.808      0.388      0.284       1.37      0.418       18.2
   248/449     11.1G      1.36         0     0.185    0.0457      1.59        48       416      0.162      0.797      0.394      0.269       1.35      0.418       18.7
   249/449     11.1G      1.29         0     0.184    0.0502      1.53        38       416      0.171      0.788      0.347      0.281       1.38      0.418       19.7
   250/449     11.1G       1.3         0     0.184    0.0449      1.53        45       416      0.157      0.775      0.311      0.261       1.43      0.417       18.6
   251/449     11.1G      1.27         0     0.184    0.0395      1.49        44       416      0.159       0.78      0.333      0.264       1.45      0.419         17
   252/449     11.1G      1.28         0     0.185    0.0418      1.51        39       416      0.164      0.816      0.395      0.272       1.39      0.418       17.1
   253/449     11.1G      1.33         0     0.183    0.0335      1.55        39       416      0.159      0.791      0.347      0.265        1.4      0.418       17.5
   254/449     11.1G      1.35         0     0.184    0.0478      1.59        38       416      0.149      0.787      0.323       0.25       1.48      0.417         18
   255/449     11.1G      1.36         0     0.184    0.0355      1.58        46       416      0.153      0.811      0.374      0.257       1.45      0.418       18.1
   256/449     11.1G      1.35         0     0.184    0.0386      1.57        36       416      0.153      0.782      0.318      0.256       1.42      0.418       17.7
   257/449     11.1G      1.32         0     0.183     0.038      1.54        44       416      0.152      0.781      0.382      0.254       1.44      0.417       17.6
   258/449     11.1G      1.37         0     0.182    0.0361      1.58        40       416      0.157      0.786      0.376      0.261       1.37      0.419       18.2
   259/449     11.1G      1.28         0     0.183    0.0415       1.5        41       416      0.147      0.773      0.326      0.248        1.4      0.417       18.1
   260/449     11.1G      1.32         0     0.183    0.0312      1.53        51       416      0.154      0.785       0.35      0.258       1.49      0.418       17.5
   261/449     11.1G      1.33         0     0.183    0.0392      1.56        39       416      0.166      0.821      0.393      0.275       1.34      0.417       17.3
   262/449     11.1G      1.24         0     0.182    0.0876      1.51        31       416      0.147      0.792      0.294      0.247       1.51      0.418       17.8
   263/449     11.1G      1.33         0     0.183    0.0453      1.56        47       416      0.158      0.804      0.397      0.263       1.36      0.418       18.2
   264/449     11.1G      1.34         0     0.182    0.0282      1.55        57       416      0.157      0.789      0.341      0.261       1.44      0.418       17.8
   265/449     11.1G      1.32         0     0.182    0.0565      1.56        49       416      0.136      0.726       0.29      0.229       1.47      0.418       17.7
   266/449     11.1G      1.33         0     0.182    0.0728      1.58        38       416      0.141       0.77      0.308      0.238       1.48      0.418       17.9
   267/449     11.1G      1.35         0     0.182    0.0522      1.58        42       416      0.153      0.805      0.353      0.257       1.44      0.418       18.1
   268/449     11.1G      1.37         0     0.182    0.0331      1.59        52       416      0.155       0.79       0.36      0.258       1.47      0.419       18.8
   269/449     11.1G      1.33         0     0.182    0.0372      1.55        49       416      0.139      0.755      0.283      0.235       1.52      0.418       18.3
   270/449     11.1G      1.32         0      0.18    0.0516      1.55        50       416      0.147      0.756      0.271      0.246       1.47      0.418       17.5
   271/449     11.1G      1.31         0     0.182    0.0608      1.55        41       416      0.172      0.818       0.41      0.283       1.32      0.417       17.7
   272/449     11.1G      1.38         0     0.182    0.0573      1.62        49       416      0.164      0.798      0.361      0.271       1.49      0.417       17.7
   273/449     11.1G      1.39         0      0.18    0.0357       1.6        39       416      0.164      0.785      0.347      0.271       1.33      0.417       17.8
   274/449     11.1G      1.35         0      0.18     0.048      1.58        43       416      0.164      0.815      0.363      0.272       1.39      0.417       18.3
   275/449     11.1G      1.32         0     0.179    0.0338      1.53        42       416      0.156      0.788      0.341       0.26        1.4      0.417       18.2
   276/449     11.1G      1.29         0     0.182    0.0495      1.52        40       416      0.165       0.81      0.385      0.273       1.41      0.416       17.5
   277/449     11.1G      1.26         0      0.18     0.053       1.5        43       416      0.158      0.806      0.333      0.263       1.46      0.417       18.1
   278/449     11.1G      1.35         0      0.18    0.0345      1.56        39       416      0.159      0.794      0.372      0.265       1.42      0.417       17.8
   279/449     11.1G      1.37         0      0.18    0.0371      1.59        40       416      0.161      0.811      0.408      0.269       1.38      0.416       18.1
   280/449     11.1G      1.36         0     0.181    0.0509       1.6        38       416      0.171       0.79      0.407       0.28        1.3      0.417       18.2
   281/449     11.1G      1.28         0      0.18    0.0485      1.51        37       416      0.161      0.783      0.381      0.267       1.34      0.419       18.4
   282/449     11.1G      1.31         0     0.179    0.0312      1.52        48       416      0.163       0.78      0.356      0.269       1.46      0.415       17.6
   283/449     11.1G       1.4         0     0.178    0.0387      1.62        44       416      0.141      0.754      0.263      0.237       1.57      0.418       17.3
   284/449     11.1G      1.27         0      0.18    0.0528       1.5        39       416       0.16      0.798      0.337      0.266       1.45      0.416       17.2
   285/449     11.1G      1.38         0     0.179     0.038       1.6        40       416      0.166      0.825      0.396      0.276       1.37      0.417       18.4
   286/449     11.1G      1.32         0     0.179    0.0456      1.54        43       416      0.157      0.789      0.363      0.262       1.42      0.418       18.2
   287/449     11.1G      1.32         0     0.179     0.031      1.53        37       416      0.176      0.812      0.412      0.288       1.32      0.415         18
   288/449     11.1G      1.31         0     0.179    0.0357      1.53        43       416      0.172      0.818      0.401      0.284       1.36      0.417       17.3
   289/449     11.1G      1.24         0     0.179    0.0453      1.46        33       416      0.167      0.806      0.359      0.276       1.35      0.415       17.8
   290/449     11.1G      1.29         0     0.179    0.0389      1.51        39       416      0.171      0.813      0.426      0.282       1.32      0.417       17.4
   291/449     11.1G      1.29         0     0.179    0.0327       1.5        58       416      0.147      0.774      0.338      0.247       1.47      0.417       17.8
   292/449     11.1G      1.32         0     0.178    0.0273      1.52        47       416      0.155      0.806      0.332      0.259       1.41      0.416         17
   293/449     11.1G      1.31         0     0.178    0.0529      1.54        39       416      0.177      0.824      0.432      0.291       1.29      0.417       17.8
   294/449     11.1G       1.3         0     0.179    0.0482      1.53        38       416      0.163      0.778      0.396      0.269        1.3      0.416       17.8
   295/449     11.1G      1.39         0     0.177    0.0453      1.61        43       416       0.16      0.792      0.372      0.266       1.39      0.418       18.6
   296/449     11.1G      1.28         0     0.176    0.0596      1.51        45       416      0.173        0.8      0.372      0.284       1.37      0.417       18.3
   297/449     11.1G       1.3         0     0.178    0.0412      1.52        60       416      0.149      0.756      0.297      0.249        1.6      0.417       19.1
   298/449     11.1G      1.35         0     0.177    0.0457      1.58        43       416      0.149      0.768      0.293       0.25        1.5      0.417       17.7
   299/449     11.1G      1.43         0     0.176    0.0418      1.65        45       416      0.152      0.781      0.313      0.254       1.47      0.417       17.7
   300/449     11.1G      1.38         0     0.176    0.0293      1.59        38       416      0.169      0.823      0.401       0.28       1.33      0.418       17.7
   301/449     11.1G      1.49         0     0.179    0.0371      1.71        35       416      0.141      0.764       0.25      0.238       1.64      0.415       18.3
   302/449     11.1G      1.46         0     0.177    0.0413      1.68        56       416       0.14      0.721      0.262      0.234       1.52      0.416       18.4
   303/449     11.1G      1.41         0     0.176    0.0427      1.63        34       416      0.144      0.755      0.286      0.241       1.48      0.417       17.1
   304/449     11.1G       1.4         0     0.176    0.0336      1.61        44       416      0.154       0.79      0.318      0.258       1.48      0.416       17.3
   305/449     11.1G      1.32         0     0.176     0.048      1.54        42       416      0.149      0.771      0.292       0.25       1.44      0.416       17.2
   306/449     11.1G      1.28         0     0.178    0.0359      1.49        58       416      0.154      0.783      0.316      0.257        1.5      0.416       19.1
   307/449     11.1G      1.35         0     0.176    0.0419      1.57        40       416      0.132      0.739      0.241      0.223       1.55      0.416       19.1
   308/449     11.1G      1.35         0     0.176    0.0419      1.57        48       416      0.157      0.805      0.401      0.263       1.34      0.416       18.2
   309/449     11.1G       1.3         0     0.176     0.038      1.52        50       416       0.17      0.812      0.421      0.281        1.3      0.415       17.5
   310/449     11.1G      1.32         0     0.176    0.0359      1.53        45       416      0.148      0.778      0.317      0.249       1.39      0.417       17.6
   311/449     11.1G      1.34         0     0.175    0.0426      1.56        45       416      0.168      0.814      0.377      0.278       1.36      0.417       17.8
   312/449     11.1G      1.42         0     0.175    0.0467      1.65        46       416      0.134       0.77      0.322      0.228       1.53      0.415       18.2
   313/449     11.1G      1.47         0     0.176    0.0381      1.69        44       416      0.137      0.757      0.307      0.232       1.52      0.418       18.1
   314/449     11.1G      1.49         0     0.175    0.0359       1.7        40       416      0.141      0.781      0.295      0.238       1.48      0.416       17.5
   315/449     11.1G      1.43         0     0.175    0.0349      1.64        61       416      0.135      0.769      0.315      0.229       1.55      0.417       18.3
   316/449     11.1G      1.48         0     0.175    0.0444       1.7        40       416      0.131      0.733      0.234      0.223       1.65      0.416       17.9
   317/449     11.1G      1.52         0     0.174    0.0391      1.74        39       416      0.133      0.771      0.265      0.227       1.54      0.416       17.5
   318/449     11.1G       1.4         0     0.175    0.0374      1.62        41       416      0.137      0.771      0.273      0.232       1.52      0.417       17.1
   319/449     11.1G      1.43         0     0.176     0.038      1.65        43       416      0.155      0.801      0.362      0.259       1.45      0.416       18.2
   320/449     11.1G      1.42         0     0.174    0.0359      1.63        37       416       0.15      0.773      0.327       0.25        1.5      0.417       17.7
   321/449     11.1G       1.4         0     0.174    0.0414      1.61        58       416      0.126      0.717       0.27      0.214       1.71      0.417       18.1
   322/449     11.1G      1.42         0     0.174    0.0475      1.65        53       416      0.131      0.747      0.265      0.223       1.58      0.415       17.2
   323/449     11.1G      1.44         0     0.174    0.0479      1.66        39       416       0.14       0.75      0.316      0.235       1.55      0.415       17.6
   324/449     11.1G      1.41         0     0.172    0.0374      1.62        47       416      0.129      0.722      0.288      0.218       1.62      0.417       18.5
   325/449     11.1G       1.4         0     0.173    0.0363      1.61        43       416      0.141      0.764      0.314      0.237       1.46      0.415       18.6
   326/449     11.1G      1.34         0     0.173    0.0366      1.55        36       416      0.155      0.816      0.383      0.261       1.42      0.416       18.1
   327/449     11.1G      1.39         0     0.174    0.0292      1.59        47       416       0.16      0.795      0.403      0.266       1.29      0.416       17.7
   328/449     11.1G      1.37         0     0.173    0.0386      1.59        47       416      0.154      0.789      0.372      0.257       1.38      0.415       17.9
   329/449     11.1G       1.3         0     0.174    0.0413      1.51        44       416      0.127      0.729      0.238      0.216        1.6      0.416       17.6
   330/449     11.1G      1.38         0     0.173    0.0433      1.59        38       416      0.151      0.783      0.326      0.253       1.38      0.415         17
   331/449     11.1G      1.26         0     0.174    0.0503      1.48        41       416       0.15      0.776      0.337      0.251       1.43      0.416       17.3
   332/449     11.1G      1.36         0     0.173    0.0393      1.57        54       416      0.152      0.802      0.349      0.255       1.46      0.418       18.8
   333/449     11.1G      1.33         0     0.173    0.0355      1.53        44       416      0.152      0.742      0.323      0.252       1.39      0.416         18
   334/449     11.1G      1.28         0     0.172    0.0403       1.5        51       416      0.167      0.808      0.397      0.276       1.36      0.417       18.3
   335/449     11.1G      1.38         0     0.173    0.0297      1.58        43       416      0.154      0.787      0.308      0.257       1.41      0.417       17.6
   336/449     11.1G      1.33         0     0.173    0.0479      1.55        49       416       0.15      0.773      0.349      0.251       1.39      0.415       17.4
   337/449     11.1G      1.31         0     0.173    0.0292      1.51        48       416      0.166       0.83      0.433      0.277       1.32      0.418       16.6
   338/449     11.1G      1.37         0     0.173    0.0282      1.57        44       416      0.156      0.787      0.297      0.261        1.6      0.418       16.9
   339/449     11.1G      1.37         0     0.172     0.032      1.58        38       416      0.165      0.797      0.328      0.273       1.38      0.416       17.2
   340/449     11.1G      1.32         0     0.172    0.0446      1.54        49       416      0.162      0.801      0.388      0.269       1.32      0.416       18.1
   341/449     11.1G      1.31         0     0.172    0.0388      1.52        41       416      0.159      0.803      0.355      0.265       1.41      0.417       18.4
   342/449     11.1G      1.31         0     0.171    0.0302      1.51        43       416      0.157      0.799      0.342      0.261        1.4      0.416       18.5
   343/449     11.1G      1.38         0     0.172    0.0272      1.58        44       416      0.139      0.755      0.286      0.235       1.42      0.415       18.3
   344/449     11.1G      1.39         0     0.171    0.0264      1.59        43       416      0.159      0.821       0.36      0.266       1.36      0.417       17.6
   345/449     11.1G      1.24         0     0.172    0.0306      1.44        47       416       0.16      0.794      0.368      0.266       1.39      0.416       17.2
   346/449     11.1G      1.34         0     0.172    0.0453      1.56        41       416      0.158       0.82      0.361      0.264       1.43      0.415       17.6
   347/449     11.1G       1.3         0     0.171    0.0442      1.52        58       416      0.131      0.748      0.319      0.223        1.5      0.419         18
   348/449     11.1G      1.36         0     0.172    0.0384      1.57        46       416      0.148      0.763      0.315      0.248       1.37      0.415       18.2
   349/449     11.1G      1.28         0     0.172    0.0474       1.5        51       416      0.146      0.777      0.326      0.246       1.53      0.416       19.6
   350/449     11.1G      1.34         0     0.171    0.0356      1.54        41       416       0.16      0.805      0.418      0.266       1.36      0.418       19.1
   351/449     11.1G      1.33         0     0.172     0.036      1.53        38       416      0.167        0.8      0.398      0.276       1.32      0.416       17.8
   352/449     11.1G       1.3         0      0.17    0.0444      1.52        45       416      0.143      0.763       0.32       0.24       1.53      0.418       17.5
   353/449     11.1G      1.28         0      0.17    0.0535       1.5        38       416      0.128       0.71      0.253      0.217       1.61      0.416       16.6
   354/449     11.1G       1.3         0      0.17    0.0306       1.5        47       416      0.154      0.804      0.331      0.258       1.42      0.418       17.7
   355/449     11.1G      1.35         0     0.172    0.0427      1.57        34       416      0.159      0.798       0.38      0.264       1.34      0.415         18
   356/449     11.1G       1.2         0      0.17    0.0319       1.4        48       416      0.152      0.792      0.345      0.255       1.43      0.419       19.5
   357/449     11.1G      1.33         0     0.169    0.0442      1.54        54       416      0.159       0.82      0.361      0.266       1.36      0.417       19.4
   358/449     11.1G      1.26         0      0.17    0.0299      1.46        45       416      0.127      0.717      0.252      0.215       1.64      0.417       18.5
   359/449     11.1G      1.37         0      0.17    0.0381      1.58        45       416      0.155      0.798      0.347      0.259       1.44      0.419       17.4
   360/449     11.1G      1.34         0     0.171    0.0403      1.55        37       416      0.149      0.806      0.343      0.252       1.42      0.416       17.4
   361/449     11.1G      1.04         0      0.17    0.0445      1.26        48       416      0.178      0.829      0.473      0.293       1.25      0.416       17.9
   362/449     11.1G     0.851         0      0.17    0.0447      1.07        37       416       0.19       0.84      0.512      0.309       1.18      0.416       17.7
   363/449     11.1G     0.781         0      0.17    0.0352     0.987        45       416      0.196      0.832      0.537      0.316       1.13      0.417       17.8
   364/449     11.1G     0.707         0      0.17    0.0326      0.91        39       416      0.204      0.842      0.577      0.327       1.11      0.417       17.6
   365/449     11.1G     0.671         0      0.17    0.0292     0.871        41       416       0.21      0.852      0.585      0.335       1.08      0.418       17.4
   366/449     11.1G     0.629         0      0.17    0.0344     0.833        52       416      0.211      0.852      0.609      0.337       1.06      0.417       17.9
   367/449     11.1G     0.597         0      0.17    0.0364     0.803        43       416      0.212      0.847      0.616      0.338       1.06      0.416         18
   368/449     11.1G     0.567         0     0.171    0.0365     0.774        49       416      0.216      0.852      0.606      0.343       1.05      0.416       17.9
   369/449     11.1G     0.541         0      0.17    0.0292     0.741        43       416      0.219      0.849      0.612      0.346       1.04      0.417       17.6
   370/449     11.1G     0.527         0     0.169    0.0346     0.731        37       416      0.221      0.851      0.604      0.348       1.05      0.417       17.7
   371/449     11.1G     0.523         0     0.169    0.0379      0.73        39       416      0.221      0.851       0.62      0.349       1.04      0.417         18
   372/449     11.1G     0.506         0     0.169    0.0344      0.71        33       416       0.22      0.853      0.626      0.348       1.04      0.417       17.5
   373/449     11.1G     0.486         0      0.17    0.0512     0.707        48       416      0.224      0.853      0.632      0.353       1.03      0.416       17.5
   374/449     11.1G     0.479         0      0.17    0.0332     0.683        55       416      0.226      0.851      0.626      0.354       1.04      0.417       17.7
   375/449     11.1G     0.473         0      0.17    0.0363     0.679        46       416       0.23      0.853      0.625       0.36       1.03      0.417       17.9
   376/449     11.1G     0.467         0     0.169    0.0281     0.664        41       416      0.229      0.856      0.624      0.359       1.02      0.417       18.2
   377/449     11.1G     0.451         0     0.169    0.0312     0.651        47       416      0.227      0.849       0.62      0.356       1.02      0.417       18.3
   378/449     11.1G     0.457         0     0.169    0.0446     0.671        46       416      0.226      0.856      0.622      0.356       1.02      0.416       17.8
   379/449     11.1G      0.45         0     0.171    0.0307     0.651        43       416      0.226      0.856      0.629      0.356       1.02      0.417         18
   380/449     11.1G     0.449         0     0.169    0.0383     0.656        41       416      0.228      0.852       0.62      0.357       1.02      0.418       17.6
   381/449     11.1G     0.445         0     0.169    0.0327     0.647        38       416      0.229      0.857      0.623      0.359       1.02      0.417       17.8
   382/449     11.1G     0.439         0     0.171    0.0455     0.656        53       416      0.233      0.861      0.631      0.365       1.01      0.418       18.1
   383/449     11.1G      0.44         0     0.171    0.0289      0.64        45       416      0.226      0.851      0.622      0.356       1.03      0.417       18.1
   384/449     11.1G     0.436         0      0.17    0.0346      0.64        35       416      0.224      0.853      0.615      0.353       1.02      0.417       18.3
   385/449     11.1G     0.439         0     0.169    0.0285     0.637        42       416      0.226      0.849      0.626      0.354       1.02      0.417         18
   386/449     11.1G     0.434         0      0.17    0.0406     0.644        34       416      0.227      0.856      0.624      0.356       1.01      0.416       17.9
   387/449     11.1G     0.439         0     0.168    0.0324     0.639        39       416      0.229      0.858      0.642      0.359       1.01      0.416       17.6
   388/449     11.1G     0.442         0      0.17    0.0482      0.66        42       416      0.223      0.847      0.634      0.351       1.01      0.416       17.8
   389/449     11.1G     0.436         0     0.169    0.0502     0.655        48       416      0.229      0.852      0.633      0.358          1      0.417       17.9
   390/449     11.1G     0.428         0      0.17    0.0416      0.64        46       416      0.229      0.856      0.632       0.36          1      0.417       18.1
   391/449     11.1G      0.43         0     0.169    0.0365     0.635        38       416      0.228      0.852      0.631      0.357       1.01      0.417       17.9
   392/449     11.1G     0.428         0      0.17    0.0367     0.634        51       416      0.225      0.853      0.627      0.354       1.01      0.417       18.2
   393/449     11.1G     0.432         0     0.169     0.035     0.636        43       416      0.226      0.852      0.621      0.356       1.01      0.417         18
   394/449     11.1G     0.428         0     0.171    0.0423     0.641        47       416      0.229      0.852      0.638      0.359       1.01      0.416         18
   395/449     11.1G     0.424         0     0.169    0.0598     0.653        37       416      0.233      0.852      0.628      0.363       1.01      0.417         18
   396/449     11.1G     0.422         0      0.17    0.0331     0.625        43       416      0.231      0.851       0.63      0.361      0.998      0.416       18.3
   397/449     11.1G     0.418         0     0.169    0.0329      0.62        47       416      0.233      0.858      0.635      0.364          1      0.416       18.8
   398/449     11.1G     0.423         0     0.169    0.0372      0.63        36       416      0.228      0.849      0.618      0.357          1      0.417       18.4
   399/449     11.1G      0.42         0      0.17    0.0398     0.631        48       416      0.229      0.851      0.636      0.359       1.01      0.417       18.3
   400/449     11.1G     0.427         0      0.17    0.0304     0.628        37       416       0.23      0.856      0.643       0.36      0.999      0.417       17.7
   401/449     11.1G     0.431         0     0.171    0.0369     0.638        47       416      0.231      0.858      0.637      0.362          1      0.417       18.2
   402/449     11.1G     0.427         0     0.169     0.035     0.631        51       416      0.231      0.852       0.63      0.361      0.999      0.416       18.3
   403/449     11.1G     0.417         0      0.17    0.0356     0.622        51       416       0.23      0.855      0.631      0.361       1.01      0.417       18.3
   404/449     11.1G     0.432         0     0.169    0.0329     0.633        46       416      0.228      0.858      0.629      0.358          1      0.416       18.2
   405/449     11.1G     0.429         0      0.17    0.0307      0.63        39       416      0.228      0.854      0.634      0.358          1      0.417       17.6
   406/449     11.1G     0.398         0     0.169    0.0405     0.607        48       416      0.231      0.854      0.637      0.361          1      0.416       17.8
   407/449     11.1G     0.392         0      0.17    0.0292     0.592        41       416      0.232      0.856      0.637      0.362      0.997      0.417       18.2
   408/449     11.1G     0.393         0      0.17    0.0678     0.631        54       416      0.231      0.858       0.64      0.361      0.998      0.417         18
   409/449     11.1G     0.389         0      0.17    0.0266     0.586        55       416      0.232      0.856       0.64      0.363      0.993      0.416       17.9
   410/449     11.1G     0.379         0     0.169    0.0285     0.577        43       416      0.233      0.858      0.643      0.364      0.993      0.417       17.7
   411/449     11.1G     0.381         0      0.17    0.0375     0.589        44       416      0.232       0.86      0.642      0.363      0.993      0.416       17.7
   412/449     11.1G     0.386         0     0.169    0.0427     0.598        50       416      0.232      0.854      0.641      0.362      0.993      0.416       18.1
   413/449     11.1G     0.373         0      0.17    0.0448     0.588        49       416      0.232      0.856      0.642      0.363      0.992      0.417       17.6
   414/449     11.1G     0.378         0     0.169    0.0493     0.596        38       416      0.231      0.858      0.641      0.362      0.994      0.417       17.6
   415/449     11.1G     0.375         0      0.17    0.0322     0.577        56       416      0.234      0.856      0.643      0.365      0.992      0.417       17.6
   416/449     11.1G     0.377         0     0.169    0.0292     0.575        44       416      0.232       0.86      0.645      0.363      0.994      0.416       17.7
   417/449     11.1G     0.379         0      0.17    0.0354     0.584        34       416      0.234      0.858       0.64      0.365      0.992      0.417       17.3
   418/449     11.1G      0.37         0     0.169    0.0334     0.572        32       416      0.231      0.856      0.643      0.362      0.991      0.417       17.6
   419/449     11.1G      0.38         0     0.168    0.0353     0.583        45       416      0.234      0.854      0.638      0.364      0.994      0.417       17.8
   420/449     11.1G     0.378         0     0.169    0.0393     0.587        34       416      0.233      0.856      0.642      0.364      0.994      0.417       17.2
   421/449     11.1G     0.376         0     0.169     0.031     0.576        48       416      0.233      0.854      0.645      0.363      0.992      0.417       17.6
   422/449     11.1G     0.375         0     0.168    0.0408     0.584        34       416       0.23      0.854      0.642       0.36      0.994      0.416       17.5
   423/449     11.1G     0.372         0     0.169    0.0361     0.577        45       416      0.231      0.851      0.643       0.36      0.992      0.416         18
   424/449     11.1G     0.377         0     0.169    0.0533     0.599        41       416      0.231      0.852      0.638      0.361      0.992      0.417       18.3
   425/449     11.1G     0.377         0     0.169    0.0401     0.586        37       416      0.233      0.854       0.64      0.364      0.991      0.416       18.2
   426/449     11.1G     0.374         0     0.169    0.0279     0.571        49       416      0.234      0.856       0.64      0.365      0.989      0.417       17.8
   427/449     11.1G     0.378         0      0.17     0.031     0.579        44       416      0.233      0.856      0.637      0.364       0.99      0.417       17.5
   428/449     11.1G     0.377         0     0.172    0.0373     0.585        46       416      0.234      0.856      0.636      0.366      0.991      0.417         18
   429/449     11.1G     0.374         0     0.169    0.0453     0.588        47       416      0.234      0.858      0.638      0.366      0.989      0.417       17.4
   430/449     11.1G     0.373         0     0.169    0.0337     0.576        46       416      0.233      0.856      0.638      0.363       0.99      0.417       17.9
   431/449     11.1G     0.371         0     0.169     0.031     0.571        42       416      0.234      0.858       0.64      0.365      0.989      0.417       17.7
   432/449     11.1G     0.369         0     0.169    0.0344     0.572        40       416      0.234      0.854      0.643      0.364      0.991      0.417       17.6
   433/449     11.1G     0.368         0     0.169    0.0371     0.574        48       416      0.235       0.86      0.645      0.367      0.991      0.417       17.5
   434/449     11.1G     0.372         0     0.169    0.0332     0.574        40       416      0.232      0.854      0.637      0.363       0.99      0.417       18.1
   435/449     11.1G     0.374         0      0.17    0.0478     0.591        39       416      0.234      0.858       0.64      0.365      0.992      0.417       17.8
   436/449     11.1G     0.373         0      0.17    0.0242     0.568        40       416       0.23      0.854      0.637       0.36      0.991      0.416       17.9
   437/449     11.1G     0.377         0     0.169    0.0311     0.577        38       416      0.232      0.851      0.639      0.361      0.992      0.416         18
   438/449     11.1G     0.368         0     0.169    0.0341     0.571        49       416      0.231      0.854      0.638      0.361      0.991      0.417         18
   439/449     11.1G     0.371         0      0.17    0.0383     0.579        45       416      0.234      0.854      0.641      0.365       0.99      0.417       18.2
   440/449     11.1G     0.367         0      0.17     0.034     0.572        42       416      0.233      0.854      0.641      0.364       0.99      0.417       17.8
   441/449     11.1G     0.372         0     0.169    0.0363     0.577        44       416      0.232      0.852      0.633      0.362       0.99      0.417         18
   442/449     11.1G      0.37         0     0.169    0.0344     0.573        61       416       0.23      0.851      0.634       0.36      0.989      0.416         18
   443/449     11.1G     0.371         0     0.169    0.0277     0.568        48       416      0.231      0.854      0.642      0.362      0.989      0.416         18
   444/449     11.1G     0.369         0      0.17    0.0453     0.584        50       416      0.236      0.856      0.638      0.367      0.991      0.417       18.4
   445/449     11.1G     0.372         0     0.169    0.0345     0.576        52       416      0.235      0.861      0.639      0.367      0.988      0.417       18.2
   446/449     11.1G     0.366         0      0.17    0.0538      0.59        45       416      0.233      0.854      0.639      0.363      0.988      0.416         18
   447/449     11.1G     0.374         0      0.17    0.0256      0.57        51       416      0.234      0.858       0.64      0.365       0.99      0.416       17.5
   448/449     11.1G     0.368         0     0.171    0.0383     0.578        36       416      0.231      0.854      0.642      0.361       0.99      0.417       17.8
   449/449     11.1G      0.37         0      0.17    0.0385     0.579        38       416      0.233      0.854       0.64      0.363       0.99      0.416       17.9
