     0/199     2.31G     0.421         0       1.7      9.67      11.8         1       416          0          0          0          0        nan       11.1        222
     1/199     5.52G     0.387         0     0.368      9.67      10.4         1       416          0          0          0          0        nan       6.05         96
     2/199     5.52G     0.377         0     0.369      8.08      8.83         1       416     0.0294    0.00376    0.00215    0.00667        nan       1.37       19.7
     3/199     5.52G     0.367         0     0.314      7.24      7.93         1       416          0          0          0          0        nan      0.844       38.5
     4/199     5.52G     0.367         0     0.292      7.31      7.97         2       416     0.0189    0.00752   0.000394     0.0108      0.388      0.504       14.4
     5/199     5.52G     0.369         0     0.286      6.83      7.49         1       416     0.0339     0.0244    0.00196     0.0284      0.376      0.463       13.2
     6/199     5.52G     0.364         0     0.282      6.71      7.36         1       416     0.0139    0.00376   0.000139    0.00592      0.383      0.569       25.5
     7/199     5.52G     0.361         0     0.268      6.49      7.12         3       416     0.0208     0.0169    0.00187     0.0187      0.371      0.551       15.2
     8/199     5.52G     0.359         0     0.274      6.94      7.58         2       416     0.0362     0.0094    0.00119     0.0149       0.37      0.378       9.13
     9/199     5.52G     0.359         0     0.279      6.24      6.88         2       416     0.0443     0.0132    0.00155     0.0203      0.375        0.4       9.87
    10/199     5.52G     0.364         0     0.268      6.21      6.85         5       416     0.0326     0.0357     0.0045     0.0341      0.381       0.38       14.8
    11/199     5.52G     0.349         0     0.267      5.29       5.9         1       416     0.0112     0.0291    0.00257     0.0157      0.378      0.391       13.6
    12/199     5.52G     0.359         0     0.298      4.32      4.98         1       416    0.00929     0.0094    0.00397    0.00935      0.377      0.467       11.6
    13/199     5.52G     0.363         0     0.297      5.07      5.73         1       416   0.000994    0.00188    6.1e-06     0.0013      0.379      0.441       14.3
    14/199     5.52G     0.357         0     0.282      4.06       4.7         1       416     0.0142     0.0113    0.00145     0.0126      0.367      0.382       9.68
    15/199     5.52G     0.352         0     0.271      3.71      4.33         1       416     0.0186     0.0263    0.00531     0.0218      0.367      0.384         12
    16/199     5.52G     0.353         0     0.281      3.72      4.35         1       416     0.0213     0.0113   0.000678     0.0147      0.368      0.398       11.6
    17/199     5.52G     0.351         0     0.277      3.32      3.95         1       416     0.0259     0.0188    0.00167     0.0218      0.366      0.389       12.3
    18/199     5.52G     0.352         0     0.274      3.09      3.71         1       416     0.0182     0.0263    0.00311     0.0215      0.368      0.377       15.6
    19/199     5.52G     0.346         0     0.266      2.75      3.36         1       416     0.0348     0.0301    0.00265     0.0323      0.358      0.379       10.6
    20/199     5.52G     0.347         0     0.263       2.7      3.31         1       416     0.0263    0.00376   0.000493    0.00658      0.369       0.38       14.9
    21/199     5.52G     0.348         0     0.265      3.07      3.69         2       416     0.0243     0.0207    0.00369     0.0224      0.363      0.391       14.2
    22/199     5.52G     0.346         0     0.265      2.85      3.46         1       416     0.0262     0.0301    0.00575      0.028      0.366      0.405       14.8
    23/199     5.52G     0.352         0     0.266      2.88       3.5         1       416     0.0219     0.0226    0.00265     0.0222      0.368      0.389       14.9
    24/199     5.52G     0.347         0     0.266      2.59       3.2         1       416     0.0407     0.0188    0.00413     0.0257       0.36      0.407         11
    25/199     5.52G     0.347         0      0.27      2.41      3.03         1       416     0.0219     0.0602    0.00576     0.0321      0.375      0.447       17.5
    26/199     5.52G     0.352         0     0.274      2.92      3.55         1       416    0.00585    0.00376   0.000209    0.00458      0.359      0.399       11.9
    27/199     5.52G     0.345         0     0.273      2.57      3.19         1       416     0.0273     0.0695     0.0101     0.0392      0.363      0.381       15.8
    28/199     5.52G     0.348         0     0.262      2.12      2.73         1       416     0.0307     0.0432    0.00492     0.0359      0.367      0.417       18.3
    29/199     5.52G     0.348         0     0.261      1.87      2.48         1       416     0.0407     0.0132    0.00389     0.0199      0.365      0.431       15.8
    30/199     5.52G     0.344         0     0.267      2.42      3.03         1       416     0.0231    0.00564    0.00216    0.00906      0.369      0.387       11.5
    31/199     5.52G     0.348         0      0.26      2.02      2.63         2       416     0.0356     0.0695    0.00852     0.0471      0.364      0.378         14
    32/199     5.52G     0.345         0     0.257       1.6       2.2         1       416     0.0561     0.0503    0.00642     0.0492      0.365      0.384       15.7
    33/199     5.52G     0.341         0     0.257      1.23      1.83         1       416     0.0625    0.00188    0.00047    0.00365      0.361      0.384       14.7
    34/199     5.52G     0.347         0     0.258      1.06      1.66         2       416     0.0423     0.0564    0.00955     0.0483      0.364      0.387       18.1
    35/199     5.52G     0.337         0      0.25      1.11       1.7         1       416     0.0672     0.0169    0.00436      0.027      0.363      0.374       14.4
    36/199     5.52G     0.342         0     0.249      1.06      1.65         1       416      0.031     0.0902    0.00847     0.0462      0.361      0.376       18.2
    37/199     5.52G     0.341         0     0.252     0.963      1.56         1       416     0.0547     0.0282    0.00684     0.0372      0.368      0.363       16.5
    38/199     5.52G     0.341         0     0.248      1.15      1.74         1       416      0.106     0.0432     0.0151     0.0613      0.366      0.365       17.9
    39/199     5.52G      0.34         0     0.245       1.5      2.08         1       416     0.0404     0.0602    0.00824     0.0483       0.36      0.367       15.6
    40/199     5.52G     0.338         0     0.247      1.34      1.92         2       416     0.0319     0.0865     0.0162     0.0466       0.36      0.368       14.6
    41/199     5.52G     0.338         0     0.247     0.988      1.57         1       416     0.0282    0.00752   0.000482     0.0119      0.364      0.368       17.1
    42/199     5.52G     0.339         0     0.243     0.767      1.35         1       416     0.0294     0.0883     0.0246     0.0441      0.356      0.367       17.2
    43/199     5.52G     0.335         0     0.242     0.662      1.24         1       416     0.0643     0.0658     0.0195     0.0651      0.364      0.372       17.2
    44/199     5.52G     0.337         0     0.243     0.701      1.28         1       416     0.0451     0.0771     0.0153     0.0569      0.363      0.371       17.2
    45/199     5.52G     0.338         0      0.24     0.816      1.39         1       416     0.0406     0.0846     0.0208     0.0549      0.359      0.362       18.7
    46/199     5.52G     0.334         0     0.238     0.582      1.15         1       416      0.034     0.0959     0.0237     0.0502       0.36      0.354       21.1
    47/199     5.52G     0.334         0      0.24     0.559      1.13         1       416     0.0497     0.0564     0.0124     0.0528      0.361      0.362       19.2
    48/199     5.52G     0.339         0     0.239      1.06      1.64         1       416     0.0553     0.0865     0.0243     0.0674      0.367      0.375       16.7
    49/199     5.52G     0.341         0     0.248       1.7      2.29         1       416     0.0257     0.0602    0.00665      0.036      0.376      0.398       17.9
    50/199     5.52G     0.344         0     0.246      1.32      1.91         1       416     0.0456     0.0639     0.0181     0.0532      0.359      0.377       14.8
    51/199     5.52G     0.338         0     0.246      1.05      1.64         1       416      0.058     0.0602     0.0126      0.059      0.362      0.363       16.3
    52/199     5.52G     0.335         0     0.242     0.596      1.17         1       416     0.0432     0.0695      0.015     0.0533      0.359      0.363       19.8
    53/199     5.52G     0.338         0     0.241     0.467      1.05         2       416     0.0753     0.0883     0.0151     0.0678      0.359      0.358       15.7
    54/199     5.52G      0.33         0     0.234     0.303     0.868         1       416      0.107     0.0742     0.0174     0.0805      0.364      0.355       20.3
    55/199     5.52G      0.33         0     0.233      0.27     0.832         1       416     0.0407      0.103      0.029     0.0584      0.358      0.341       19.8
    56/199     5.52G     0.333         0     0.231     0.238     0.802         1       416     0.0511     0.0846     0.0159     0.0637      0.361      0.346       18.9
    57/199     5.52G     0.333         0     0.231    0.0921     0.657         1       416     0.0717     0.0804     0.0215     0.0664      0.358      0.358         19
    58/199     5.52G     0.329         0      0.23     0.167     0.726         2       416     0.0448     0.0827     0.0206     0.0581      0.356      0.346       19.3
    59/199     5.52G     0.329         0     0.228     0.098     0.655         2       416     0.0506     0.0846     0.0191     0.0633      0.361      0.345       19.4
    60/199     5.52G     0.329         0     0.226     0.109     0.664         1       416      0.113     0.0935     0.0268     0.0712      0.357      0.341       18.9
    61/199     5.52G      0.33         0     0.225    0.0701     0.625         1       416      0.117      0.112     0.0249      0.076      0.356      0.339       21.4
    62/199     5.52G     0.329         0     0.224     0.123     0.676         9       416      0.165      0.122     0.0318     0.0659      0.356      0.337       20.9
    63/199     5.52G     0.327         0     0.222     0.105     0.654         3       416     0.0967     0.0804     0.0289     0.0741      0.361      0.342       21.8
    64/199     5.52G     0.322         0     0.219    0.0534     0.594         1       416     0.0374      0.117     0.0318     0.0567      0.353      0.335       21.5
    65/199     5.52G     0.326         0     0.218    0.0429     0.587         1       416        0.1      0.105     0.0237     0.0732      0.359      0.343       21.5
    66/199     5.52G     0.322         0     0.217    0.0315     0.571         1       416      0.122     0.0973     0.0168     0.0609       0.36      0.341       23.7
    67/199     5.52G     0.322         0     0.214    0.0158     0.551         1       416      0.168      0.117     0.0303     0.0801      0.355      0.334       24.2
    68/199     5.52G     0.322         0     0.214    0.0361     0.571         1       416      0.123      0.118     0.0254     0.0869      0.358      0.334       24.8
    69/199     5.52G     0.315         0     0.214    0.0178     0.546         1       416      0.156      0.129     0.0352     0.0949       0.36      0.336       22.4
    70/199     5.52G     0.321         0     0.211    0.0244     0.557         1       416      0.158      0.121     0.0331     0.0797      0.359      0.333         24
    71/199     5.52G     0.317         0     0.211    0.0858     0.613         2       416      0.156      0.128     0.0338     0.0789      0.355      0.329       25.7
    72/199     5.52G     0.317         0     0.209     0.121     0.647         4       416      0.107      0.124     0.0269     0.0967      0.355      0.329       22.1
    73/199     5.52G     0.318         0     0.212    0.0635     0.593         1       416      0.177      0.139     0.0481     0.0972      0.356      0.328       22.6
    74/199     5.52G     0.318         0     0.209     0.106     0.633         1       416      0.127      0.119     0.0372     0.0908      0.357      0.327       24.1
    75/199     5.52G     0.316         0     0.212     0.184     0.712         2       416      0.127      0.143     0.0497      0.105      0.352      0.323       23.8
    76/199     5.52G     0.314         0     0.211     0.122     0.648         1       416      0.211      0.134     0.0302     0.0988      0.357      0.328       25.6
    77/199     5.52G     0.315         0      0.21    0.0596     0.585         1       416      0.205      0.104     0.0294     0.0876       0.36      0.333       22.1
    78/199     5.52G     0.317         0      0.21    0.0563     0.583         1       416       0.23      0.147     0.0407     0.0967      0.357       0.33         24
    79/199     5.52G     0.314         0     0.209    0.0346     0.558         1       416      0.184      0.142      0.041     0.0954      0.354      0.321       26.6
    80/199     5.52G     0.312         0     0.206     0.106     0.623         1       416       0.15      0.131     0.0461      0.117      0.354      0.322       26.2
    81/199     5.52G      0.32         0     0.209     0.319     0.848         1       416      0.119      0.155     0.0425     0.0908      0.362      0.324       25.1
    82/199     5.52G     0.315         0      0.21     0.281     0.806         1       416      0.113      0.134     0.0396      0.106      0.354      0.318       24.4
    83/199     5.52G     0.317         0     0.211     0.537      1.07         1       416      0.141      0.122     0.0304     0.0668      0.356      0.337       23.5
    84/199     5.52G     0.322         0     0.219     0.513      1.05         1       416     0.0797       0.17     0.0381     0.0948      0.362      0.333       18.1
    85/199     5.52G     0.324         0     0.218     0.223     0.765         1       416      0.166      0.117     0.0315      0.129      0.359      0.335       17.8
    86/199     5.52G     0.318         0     0.214     0.243     0.775         1       416      0.168      0.155     0.0415     0.0789      0.359      0.325       18.8
    87/199     5.52G      0.32         0     0.214     0.486      1.02         1       416      0.141      0.121     0.0286      0.109      0.362      0.329       20.7
    88/199     5.52G     0.317         0     0.217     0.223     0.756         1       416      0.168      0.124      0.023     0.0698      0.356       0.33       21.4
    89/199     5.52G     0.317         0     0.212     0.201      0.73         1       416      0.135      0.143     0.0414      0.105      0.358      0.326         22
    90/199     5.52G     0.316         0      0.21     0.101     0.627         2       416      0.193      0.125     0.0412      0.109      0.355       0.33       23.1
    91/199     5.52G     0.314         0     0.208    0.0586     0.581         1       416      0.151      0.131     0.0385      0.103      0.358       0.33       22.8
    92/199     5.52G     0.311         0     0.207     0.038     0.556         1       416       0.17      0.126     0.0326     0.0886       0.36      0.325       24.4
    93/199     5.52G     0.311         0     0.204    0.0224     0.537         1       416      0.149      0.155     0.0484      0.106      0.353      0.323       26.2
    94/199     5.52G     0.306         0     0.202    0.0185     0.526         2       416      0.148      0.146     0.0426      0.111       0.36      0.322       26.1
    95/199     5.52G     0.303         0       0.2    0.0162     0.519         1       416      0.152      0.142     0.0477       0.12      0.356      0.322       23.9
    96/199     5.52G     0.302         0     0.199    0.0178     0.519         1       416      0.137      0.156      0.055      0.126      0.353      0.319       23.7
    97/199     5.52G     0.305         0     0.197    0.0153     0.517         1       416      0.139      0.167      0.055      0.113      0.355      0.317       25.7
    98/199     5.52G     0.301         0     0.196   0.00804     0.505         4       416      0.131      0.156     0.0536      0.107      0.357      0.318       25.7
    99/199     5.52G     0.301         0     0.194   0.00772     0.503         1       416      0.149      0.158     0.0524       0.13      0.353      0.321       24.8
   100/199     5.52G     0.293         0     0.194     0.012     0.499         1       416       0.18      0.137     0.0465       0.11      0.352      0.321       25.6
   101/199     5.52G     0.294         0     0.193    0.0187     0.505         2       416      0.115      0.164     0.0564       0.11      0.355      0.318       24.9
   102/199     5.52G     0.296         0     0.192    0.0161     0.504         1       416       0.13      0.162     0.0477      0.114      0.353      0.319       24.7
   103/199     5.52G     0.296         0     0.192    0.0171     0.505         1       416      0.125      0.159     0.0594      0.123      0.353      0.321       23.1
   104/199     5.52G     0.289         0     0.191   0.00877     0.489         1       416      0.123      0.176     0.0613      0.127      0.351      0.317       23.6
   105/199     5.52G     0.291         0     0.189    0.0166     0.497         1       416      0.121      0.185     0.0584      0.124      0.353      0.313       24.5
   106/199     5.52G     0.291         0     0.188   0.00558     0.484         2       416      0.127      0.155     0.0644      0.115      0.352      0.315       23.9
   107/199     5.52G      0.29         0     0.187    0.0261     0.504         1       416      0.127      0.159     0.0583      0.127       0.35       0.32       23.3
   108/199     5.52G     0.291         0     0.187     0.016     0.494         9       416      0.122      0.172     0.0602      0.122       0.35      0.317       23.5
   109/199     5.52G      0.29         0     0.185    0.0086     0.483         1       416      0.106      0.157     0.0535      0.109      0.355      0.317         24
   110/199     5.52G     0.288         0     0.185   0.00577     0.479         1       416      0.114      0.176     0.0574      0.122      0.352      0.313       24.7
   111/199     5.52G     0.283         0     0.183   0.00559     0.471         1       416      0.133       0.16     0.0569      0.121      0.351      0.315       25.3
   112/199     5.52G      0.28         0      0.18   0.00353     0.464         1       416       0.12      0.168     0.0568      0.115      0.351      0.313       25.6
   113/199     5.52G     0.279         0      0.18   0.00653     0.465         1       416      0.111      0.181     0.0677      0.119      0.355      0.312         25
   114/199     5.52G     0.276         0     0.181   0.00502     0.462         1       416      0.111      0.168     0.0598       0.12      0.351      0.313       24.5
   115/199     5.52G     0.277         0     0.179   0.00513     0.461         2       416      0.118      0.153     0.0498      0.113      0.352      0.317       23.1
   116/199     5.52G     0.278         0     0.177   0.00398     0.459         4       416      0.103      0.175     0.0552      0.111      0.357      0.313       23.6
   117/199     5.52G     0.276         0     0.176   0.00336     0.456         1       416      0.122      0.151     0.0537      0.125      0.356      0.319       22.6
   118/199     5.52G     0.275         0     0.176    0.0151     0.466         1       416      0.105      0.186     0.0626      0.119      0.355      0.312       23.2
   119/199     5.52G     0.277         0     0.177    0.0116     0.466         1       416      0.113      0.164     0.0523      0.109      0.357      0.314       24.8
   120/199     5.52G     0.277         0     0.178    0.0227     0.478         1       416      0.088       0.18     0.0535      0.113      0.357      0.312       22.6
   121/199     5.52G     0.276         0     0.179   0.00822     0.463         1       416      0.112      0.205     0.0673      0.132      0.359      0.314       22.1
   122/199     5.52G     0.277         0     0.176    0.0126     0.465         1       416      0.113       0.19     0.0615      0.121      0.356      0.312       24.9
   123/199     5.52G     0.273         0     0.174   0.00513     0.452         3       416      0.115      0.219     0.0661      0.142      0.356       0.31       21.3
   124/199     5.52G     0.268         0     0.173    0.0221     0.464         3       416      0.142      0.186     0.0629       0.14      0.356      0.314       22.5
   125/199     5.52G     0.273         0     0.175   0.00591     0.454         1       416      0.117      0.186       0.06      0.131      0.357      0.317       22.3
   126/199     5.52G     0.272         0     0.175    0.0238     0.471         1       416      0.112      0.182     0.0629      0.126      0.354      0.315       24.6
   127/199     5.52G     0.274         0     0.176     0.023     0.473         1       416      0.125      0.164     0.0498      0.134      0.355      0.322       24.7
   128/199     5.52G     0.271         0     0.177    0.0193     0.467         1       416      0.139      0.192     0.0689      0.137      0.355      0.315         25
   129/199     5.52G     0.272         0     0.174   0.00754     0.453         1       416     0.0989      0.192     0.0612      0.123      0.348       0.31       23.2
   130/199     5.52G     0.266         0     0.172    0.0371     0.475         1       416      0.117      0.188     0.0641      0.127      0.351      0.311       23.4
   131/199     5.52G     0.268         0     0.171    0.0223     0.461         1       416      0.124       0.17     0.0655       0.13      0.357      0.315       23.4
   132/199     5.52G     0.268         0     0.173   0.00913      0.45         1       416      0.101      0.219     0.0682      0.134       0.35      0.312       21.9
   133/199     5.52G     0.271         0     0.173    0.0441     0.488         1       416      0.119      0.221     0.0654      0.137      0.348      0.307       23.6
   134/199     5.52G     0.268         0     0.175    0.0188     0.462         1       416      0.135      0.191     0.0594      0.149      0.354      0.318       22.8
   135/199     5.52G     0.267         0     0.175    0.0203     0.461         4       416      0.109      0.207     0.0648      0.136      0.351      0.309       23.2
   136/199     5.52G     0.265         0     0.171    0.0303     0.466         1       416      0.122      0.211     0.0559      0.141       0.35       0.31       23.5
   137/199     5.52G     0.268         0     0.171    0.0154     0.454         1       416     0.0962      0.209     0.0578      0.128      0.352      0.316       21.8
   138/199     5.52G     0.266         0      0.17    0.0203     0.457         2       416      0.108      0.202     0.0605      0.135      0.354      0.313       22.7
   139/199     5.52G      0.26         0      0.17    0.0159     0.446         4       416      0.113      0.203     0.0571      0.136      0.355      0.309       23.2
   140/199     5.52G     0.263         0     0.169    0.0122     0.443         1       416       0.12      0.199     0.0585      0.134      0.357      0.317       22.6
   141/199     5.52G     0.256         0     0.167   0.00388     0.427         1       416      0.117      0.215     0.0666       0.14      0.358      0.311       20.8
   142/199     5.52G     0.257         0     0.164   0.00511     0.426         1       416      0.105      0.217     0.0681      0.133      0.353      0.313       22.2
   143/199     5.52G     0.256         0     0.163    0.0164     0.435         6       416      0.114      0.222     0.0723      0.141      0.356       0.31       21.8
   144/199     5.52G     0.252         0     0.162   0.00351     0.417         1       416      0.126      0.209     0.0709       0.14      0.349      0.313         23
   145/199     5.52G     0.254         0      0.16   0.00424     0.418         1       416      0.128       0.21     0.0703      0.153      0.355      0.312       20.9
   146/199     5.52G     0.247         0     0.158    0.0031     0.408         1       416     0.0952      0.223     0.0723      0.125      0.355       0.31       21.9
   147/199     5.52G     0.247         0     0.156   0.00259     0.405         1       416      0.116      0.227     0.0749      0.147      0.351      0.311         21
   148/199     5.52G     0.248         0     0.156   0.00238     0.406         4       416       0.11      0.219     0.0745      0.144      0.349      0.311       19.9
   149/199     5.52G     0.246         0     0.155   0.00581     0.407         3       416      0.132      0.214     0.0573      0.156      0.354      0.316       21.1
   150/199     5.52G     0.247         0     0.155   0.00282     0.405         4       416      0.123      0.216     0.0717      0.148      0.352      0.315       20.8
   151/199     5.52G     0.248         0     0.153   0.00277     0.404         1       416      0.117      0.229     0.0751      0.145      0.354      0.311       22.2
   152/199     5.52G     0.242         0     0.152   0.00302     0.397         1       416      0.113      0.207     0.0606      0.131      0.358      0.315       22.8
   153/199     5.52G     0.238         0      0.15   0.00226     0.391         1       416      0.123      0.213     0.0755      0.151      0.353      0.317       21.6
   154/199     5.52G     0.236         0     0.149    0.0051     0.391         1       416      0.128      0.207      0.065      0.152      0.353      0.317       21.6
   155/199     5.52G      0.24         0     0.149    0.0158     0.405         2       416      0.125      0.206     0.0761      0.151      0.352      0.319       20.9
   156/199     5.52G     0.239         0     0.148   0.00952     0.397         2       416      0.116      0.212     0.0643       0.14      0.354      0.316       20.7
   157/199     5.52G     0.245         0     0.149   0.00442     0.397         1       416      0.126      0.235     0.0757      0.157      0.361      0.314       21.4
   158/199     5.52G      0.24         0     0.146   0.00354      0.39         1       416      0.122      0.221     0.0668      0.141       0.36      0.313       21.9
   159/199     5.52G     0.243         0     0.144   0.00289      0.39         1       416      0.128      0.227     0.0682      0.153      0.357      0.318       21.2
   160/199     5.52G     0.231         0     0.142   0.00301     0.376         1       416      0.129      0.213     0.0708      0.148      0.352      0.315       20.9
   161/199     5.52G     0.226         0      0.14   0.00254     0.369         1       416      0.127      0.235     0.0795      0.158      0.353      0.319       20.3
   162/199     5.52G     0.219         0      0.14   0.00368     0.362         1       416      0.126      0.222      0.077      0.152      0.352      0.318       20.7
   163/199     5.52G     0.216         0     0.139   0.00268     0.357         1       416      0.131      0.241     0.0817      0.161      0.351      0.317         21
   164/199     5.52G     0.219         0      0.14    0.0141     0.373         1       416       0.12      0.219     0.0741      0.148      0.354      0.318         21
   165/199     5.52G     0.217         0     0.139   0.00328      0.36         1       416      0.129      0.224     0.0777      0.152      0.353      0.317       21.1
   166/199     5.52G     0.217         0     0.138   0.00386     0.359         1       416      0.124      0.225     0.0749      0.153      0.351      0.318       20.3
   167/199     5.52G     0.216         0     0.139    0.0035     0.359         1       416      0.114      0.246     0.0781      0.149      0.353      0.315         21
   168/199     5.52G     0.215         0     0.139   0.00403     0.358         1       416      0.118      0.229     0.0744      0.146      0.351      0.316       20.5
   169/199     5.52G     0.216         0     0.138   0.00264     0.357         3       416      0.127      0.232     0.0757      0.156      0.352      0.319       20.8
   170/199     5.52G     0.215         0     0.137   0.00276     0.355         1       416      0.125      0.234      0.077      0.156      0.353      0.318       19.8
   171/199     5.52G     0.215         0     0.138     0.015     0.368         1       416      0.121      0.227     0.0816      0.149      0.351      0.317       20.5
   172/199     5.52G     0.213         0     0.137   0.00227     0.353         2       416       0.13      0.222     0.0705      0.156      0.351      0.322       19.7
   173/199     5.52G     0.211         0     0.139   0.00313     0.353         1       416      0.139      0.229     0.0773      0.161      0.353      0.321       21.6
   174/199     5.52G     0.215         0     0.137    0.0049     0.357         1       416      0.133      0.226      0.079      0.158      0.352       0.32       20.2
   175/199     5.52G      0.21         0     0.136   0.00251     0.348         1       416       0.13      0.232     0.0769      0.156      0.352      0.319       20.9
   176/199     5.52G     0.214         0     0.136   0.00229     0.352         3       416      0.129      0.235     0.0785      0.158      0.352      0.319       19.8
   177/199     5.52G     0.209         0     0.136   0.00261     0.348         1       416      0.143      0.234     0.0795      0.169      0.352      0.323       20.9
   178/199     5.52G     0.209         0     0.135   0.00214     0.347         1       416      0.125       0.24     0.0799      0.154      0.351      0.319       20.6
   179/199     5.52G     0.212         0     0.135   0.00252      0.35         1       416       0.13      0.223     0.0708      0.155      0.354      0.321       21.9
   180/199     5.52G     0.209         0     0.135   0.00268     0.347         1       416      0.124      0.221     0.0734       0.15      0.353       0.32       21.7
   181/199     5.52G     0.212         0     0.135   0.00232     0.349         1       416      0.123      0.234      0.079      0.156      0.352      0.322       20.1
   182/199     5.52G      0.21         0     0.135   0.00291     0.348         1       416      0.143      0.237     0.0771      0.167      0.352      0.321       20.4
   183/199     5.52G     0.209         0     0.134   0.00239     0.346         1       416       0.13       0.23     0.0813      0.158      0.352       0.32       21.3
   184/199     5.52G     0.206         0     0.134   0.00255     0.343         1       416      0.125      0.241     0.0801      0.156      0.352      0.317       20.7
   185/199     5.52G     0.212         0     0.136   0.00261      0.35         1       416       0.13      0.227     0.0791      0.154      0.352      0.319       20.7
   186/199     5.52G     0.205         0     0.135   0.00271     0.342         1       416      0.122       0.22     0.0752      0.148      0.352       0.32       20.7
   187/199     5.52G     0.209         0     0.134    0.0028     0.346         1       416      0.115      0.225     0.0746      0.146      0.352      0.319       20.2
   188/199     5.52G     0.211         0     0.137   0.00227      0.35         1       416       0.12      0.229     0.0787      0.148      0.352      0.321       21.4
   189/199     5.52G     0.208         0     0.135   0.00236     0.346         1       416      0.114      0.226     0.0769      0.146      0.351       0.32       19.7
   190/199     5.52G     0.208         0     0.135   0.00242     0.345         1       416      0.123      0.221     0.0759      0.147      0.352       0.32       21.6
   191/199     5.52G      0.21         0     0.135   0.00211     0.347         1       416      0.128      0.231     0.0814      0.156      0.352      0.323         21
   192/199     5.52G     0.207         0     0.135   0.00213     0.344         1       416      0.128      0.227     0.0749      0.158      0.351      0.322       19.3
   193/199     5.52G     0.209         0     0.136   0.00216     0.347         1       416      0.128      0.239     0.0771      0.158      0.353      0.319       21.5
   194/199     5.52G     0.208         0     0.135   0.00228     0.346         1       416      0.129      0.227     0.0791      0.156      0.352      0.321       20.3
   195/199     5.52G     0.207         0     0.136   0.00238     0.346         1       416      0.125      0.227     0.0746      0.154      0.352      0.321       20.4
   196/199     5.52G     0.208         0     0.135   0.00248     0.346         1       416      0.128      0.231     0.0719       0.16       0.35      0.322       18.8
   197/199     5.52G     0.206         0     0.135   0.00227     0.343         1       416      0.116      0.224     0.0756      0.146      0.351      0.319       20.1
   198/199     5.52G      0.21         0     0.134     0.003     0.348         1       416      0.129      0.227      0.074      0.157      0.352      0.322       20.2
   199/199     5.52G     0.207         0     0.135   0.00431     0.347         1       416      0.138       0.23     0.0793      0.163      0.352      0.324       20.6
