1 0.411867 0.620041 0.127141 0.075041 
1 0.419016 0.448443 0.167500 0.108730 
1 0.650102 0.542080 0.140703 0.088996 
1 0.181625 0.442633 0.140500 0.114611 
1 0.146031 0.541383 0.104313 0.065717 
1 0.084203 0.756445 0.152406 0.083709 
1 0.227211 0.795523 0.124984 0.079447 
1 0.413312 0.780389 0.166656 0.079877 
1 0.738914 0.432930 0.095109 0.052828 
1 0.793422 0.373781 0.080094 0.059283 
1 0.877305 0.324652 0.092609 0.057213 
1 0.832156 0.683791 0.160000 0.090164 
1 0.531125 0.610963 0.075875 0.041598 
1 0.515625 0.414959 0.965625 0.829918 
1 0.515625 0.414959 0.965625 0.829918 
